Date,int,prc,mom,hlv,vol,R^2,s_size
2013-01-29,-0.06858668,0.00626761,0.00000614,0.02209960,0.01734931,1.00000000,4
2013-01-30,0.00019365,-0.00029110,-0.00001199,0.00050631,0.00018519,1.00000000,4
2013-01-31,0.00190626,-0.00096081,-0.06427651,-0.00141151,-0.00030654,0.01841248,2000
2013-02-01,0.00554469,-0.00011283,-0.05832337,0.00167201,0.00076557,0.02883625,2000
2013-02-04,-0.00277727,-0.00051198,-0.02928575,-0.00179173,-0.00108317,0.08056527,2000
2013-02-05,0.00366321,-0.00000392,-0.03361204,0.00104768,0.00046775,0.02379026,2000
2013-02-06,-0.00347847,0.00000866,0.03864916,-0.00081913,-0.00042438,0.01666194,2000
2013-02-07,-0.00050958,0.00016181,-0.02775275,0.00029437,0.00030369,0.00331501,2000
2013-02-08,0.00097126,0.00003910,-0.04315424,0.00055418,0.00014459,0.00829522,2000
2013-02-11,-0.00020887,-0.00000759,-0.03115023,0.00020024,-0.00036408,0.00919830,2000
2013-02-12,0.00184798,-0.00041658,-0.00121957,0.00025966,0.00018804,0.00315648,2000
2013-02-13,-0.00034162,0.00043409,-0.02725688,0.00150982,0.00000447,0.00737982,2000
2013-02-14,-0.00185187,-0.00010586,0.00027563,0.00134596,-0.00050276,0.00773519,2000
2013-02-15,-0.00112110,0.00057312,0.01974614,0.00057885,-0.00024250,0.00562200,2000
2013-02-18,0.00389915,0.00031829,-0.00000702,-0.00129945,0.00413534,1.00000000,4
2013-02-19,0.00344715,-0.00071735,-0.02608629,-0.00074515,0.00030418,0.00684702,2000
2013-02-20,-0.00203456,0.00037689,0.03582953,-0.00061656,-0.00049785,0.00682151,2000
2013-02-21,-0.00171107,-0.00019088,0.01234236,-0.00049720,-0.00070222,0.01118684,2000
2013-02-22,0.00586613,-0.00043543,-0.05545905,0.00253006,0.00036329,0.06904309,2000
2013-02-25,0.00636253,-0.00092635,-0.00661847,0.00105392,0.00059798,0.01067682,2000
2013-02-26,0.00161099,-0.00005921,-0.09331954,0.00079103,0.00030165,0.03012008,2000
2013-02-27,-0.00091153,0.00015465,-0.02832872,0.00001423,-0.00008825,0.00387435,2000
2013-02-28,-0.00156445,0.00040908,-0.03450655,-0.00113276,0.00004483,0.00832557,2000
2013-03-01,-0.00820728,0.00101494,-0.03362500,-0.00396503,-0.00041071,0.03726552,2000
2013-03-04,-0.00188742,-0.00006483,-0.01081808,-0.00021846,-0.00004032,0.00058567,2000
2013-03-05,0.00480804,-0.00006239,-0.00453190,0.00259859,0.00056300,0.06449648,2000
2013-03-06,0.00376714,-0.00036905,0.03565390,0.00131692,0.00054936,0.02746596,2000
2013-03-07,0.00056884,-0.00003975,0.04968221,0.00096074,0.00043601,0.02132335,2000
2013-03-08,0.00486593,-0.00012103,0.00523452,0.00387622,0.00037812,0.07333702,2000
2013-03-11,0.00067329,-0.00053648,-0.01811702,-0.00066684,-0.00006374,0.00940362,2000
2013-03-12,-0.00060550,-0.00001564,-0.01891478,0.00085123,0.00027758,0.01211543,2000
2013-03-13,-0.00196101,0.00042124,-0.01993959,0.00048284,-0.00001822,0.00428263,2000
2013-03-14,0.00180365,-0.00009297,0.01611655,0.00157565,0.00033860,0.03103853,2000
2013-03-15,-0.00161573,0.00011061,0.02494737,0.00142944,-0.00033565,0.01041103,2000
2013-03-18,-0.00650894,-0.00060840,-0.06441884,-0.00358657,-0.00076790,0.12580220,2000
2013-03-19,-0.00170618,0.00087881,0.00391280,0.00086034,-0.00010624,0.00232552,2000
2013-03-20,0.00223256,0.00063515,0.01638129,0.00184676,0.00028448,0.02353106,2000
2013-03-21,-0.00130369,-0.00078147,-0.01109472,-0.00162955,-0.00041921,0.03807822,2000
2013-03-22,-0.00000084,0.00069825,-0.04105103,0.00086566,0.00019956,0.03242413,2000
2013-03-25,0.00169340,0.00033040,0.03848607,0.00171874,0.00007817,0.02442214,2000
2013-03-26,0.00068769,0.00070326,0.02644087,0.00206796,0.00006976,0.02548399,2000
2013-03-27,-0.00289956,-0.00057221,-0.06157832,-0.00217680,-0.00064852,0.06245882,2000
2013-03-28,0.00137255,-0.00007076,0.01575547,0.00118831,-0.00034014,0.01231544,2000
2013-03-29,0.00117514,0.00189595,0.00016145,-0.00535691,-0.00254157,1.00000000,4
2013-04-01,0.00031258,-0.00012336,-0.03932609,0.00057657,-0.00017515,0.01518139,2000
2013-04-02,0.00178270,0.00056025,0.03852352,0.00144516,0.00023816,0.01581521,2000
2013-04-03,-0.00301005,0.00096014,-0.03170815,0.00010330,-0.00009979,0.01892220,2000
2013-04-04,0.00158720,-0.00024738,0.00835839,-0.00029316,-0.00000403,0.00188376,2000
2013-04-05,-0.00512905,-0.00183329,0.03035092,-0.00679794,-0.00089749,0.14837996,2000
2013-04-08,0.00331313,-0.00036011,-0.08025167,0.00329324,-0.00032493,0.06991152,2000
2013-04-09,0.00325918,-0.00049216,0.00533122,0.00251596,0.00014573,0.03261105,2000
2013-04-10,0.00231758,-0.00011091,-0.03141323,0.00084935,0.00046152,0.01962390,2000
2013-04-11,0.00165710,-0.00041303,-0.01385283,0.00033848,0.00032690,0.01133731,2000
2013-04-12,-0.00287840,-0.00024494,0.00969491,-0.00217948,-0.00068226,0.04433697,2000
2013-04-15,-0.00606868,0.00013272,0.21657008,-0.00530680,-0.00077730,0.14494382,2000
2013-04-16,0.00630389,-0.00057487,-0.15734833,0.00235002,0.00077041,0.22505310,2000
2013-04-17,-0.00243671,-0.00121956,-0.04935119,-0.00375208,-0.00049853,0.02181912,2000
2013-04-18,0.00690083,-0.00186645,-0.08850446,-0.00019851,-0.00038646,0.00509856,2000
2013-04-19,0.00259638,0.00021680,0.01135502,0.00236368,0.00040488,0.02695010,2000
2013-04-22,0.00435507,-0.00064940,-0.04705125,0.00198732,0.00014467,0.04142327,2000
2013-04-23,0.00413683,0.00014737,-0.02581646,0.00150131,0.00024247,0.01775436,2000
2013-04-24,0.00157647,-0.00008438,-0.07887010,0.00070683,0.00031240,0.00910508,2000
2013-04-25,0.00429821,-0.00038082,0.01477765,0.00271388,0.00042445,0.03045258,2000
2013-04-26,-0.00062747,-0.00013491,-0.01602895,-0.00092277,-0.00000608,0.00428982,2000
2013-04-29,0.00427669,-0.00024893,0.01480081,0.00253583,0.00051307,0.03253877,2000
2013-04-30,-0.00034493,-0.00014215,0.15172224,0.00005093,-0.00068876,0.00719278,2000
2013-05-01,-0.00097185,-0.00048758,-0.08407719,-0.00315908,-0.00042336,0.05606075,2000
2013-05-02,0.00420610,-0.00045428,-0.04710842,0.00289009,-0.00013731,0.02977159,2000
2013-05-03,0.00643498,0.00015083,0.01724125,0.00478951,0.00067738,0.04408612,2000
2013-05-06,0.00185630,-0.00042197,-0.02003149,0.00140388,0.00012273,0.02520036,2000
2013-05-07,0.00127019,0.00007182,0.06398692,0.00081429,0.00012903,0.02072835,2000
2013-05-08,0.00187825,-0.00061516,-0.01304606,0.00040142,0.00004902,0.00547029,2000
2013-05-09,-0.00129388,0.00021654,-0.07615518,0.00021157,-0.00006446,0.00991778,2000
2013-05-10,-0.00005671,0.00014196,0.00660418,-0.00094057,-0.00017541,0.00646148,2000
2013-05-13,-0.00152617,-0.00005127,0.00924848,-0.00030698,-0.00010118,0.00179832,2000
2013-05-14,-0.00157811,0.00043029,-0.01873169,0.00007021,-0.00009584,0.00353780,2000
2013-05-15,-0.00087968,-0.00027077,-0.01641283,-0.00114324,-0.00011219,0.01441736,2000
2013-05-16,0.00025173,-0.00077772,0.04613723,0.00045820,-0.00130535,0.00681583,2000
2013-05-17,0.00377142,-0.00028505,-0.02151323,0.00171666,0.00001887,0.02221205,2000
2013-05-20,0.00080549,-0.00067049,0.04561187,-0.00041244,0.00014753,0.01487737,2000
2013-05-21,0.00074743,-0.00025208,-0.05221254,0.00145313,-0.00005233,0.00895628,2000
2013-05-22,0.00267254,-0.00068190,0.00820107,0.00167466,0.00019482,0.02874145,2000
2013-05-23,-0.00504893,-0.00080713,0.12623324,-0.00329088,-0.00069881,0.11944843,2000
2013-05-24,-0.00210928,-0.00054582,-0.05676823,0.00048995,-0.00115041,0.01481812,2000
2013-05-27,0.00119757,0.00260615,0.00005170,-0.00465508,-0.00293133,1.00000000,4
2013-05-28,0.00624558,0.00081236,0.02879812,0.00654451,0.00061197,0.18680234,2000
2013-05-29,-0.00308441,-0.00085954,-0.02604584,-0.00093099,-0.00063122,0.00841160,2000
2013-05-30,0.00306171,-0.00054717,0.04169163,0.00150831,0.00016270,0.03156495,2000
2013-05-31,-0.00438981,0.00008824,-0.03078447,-0.00258094,-0.00029093,0.04621919,2000
2013-06-03,-0.00046287,0.00042861,-0.06709847,0.00181857,0.00017401,0.03432677,2000
2013-06-04,0.00135307,-0.00046466,0.00799723,0.00081523,-0.00004064,0.00683004,2000
2013-06-05,-0.00080408,-0.00049517,-0.03656159,-0.00039678,-0.00051932,0.02135725,2000
2013-06-06,-0.00024612,0.00005077,0.05159638,0.00036512,-0.00008708,0.00809780,2000
2013-06-07,-0.00004294,0.00100676,0.01151413,0.00259884,-0.00002046,0.01343044,2000
2013-06-10,0.00018027,0.00032745,0.03077486,0.00147510,0.00026732,0.01622060,2000
2013-06-11,-0.01101662,0.00012688,-0.02872564,-0.00389256,-0.00071644,0.07163817,2000
2013-06-12,0.00039594,0.00122340,0.00689018,0.00555790,0.00092709,0.02425764,2000
2013-06-13,-0.00293719,0.00039352,-0.03716929,0.00050253,0.00014074,0.00664116,2000
2013-06-14,0.00069063,-0.00023410,-0.03076448,0.00220439,-0.00010116,0.01449116,2000
2013-06-17,0.00741742,-0.00014021,-0.02510336,0.00248110,0.00020886,0.02008818,2000
2013-06-18,-0.00243633,0.00086022,-0.01371323,0.00113263,-0.00004134,0.01439328,2000
2013-06-19,0.00079853,-0.00057975,-0.03056591,-0.00310186,0.00053805,0.00965113,2000
2013-06-20,-0.01422379,0.00109808,0.11648064,-0.00513712,-0.00067387,0.05381135,2000
2013-06-21,0.00194619,0.00046284,-0.07505603,0.00116835,0.00051112,0.03951176,2000
2013-06-24,-0.00986200,-0.00074490,-0.00110609,-0.00409700,-0.00074211,0.00552426,2000
2013-06-25,0.00395239,0.00107967,-0.04108474,0.00501699,0.00097621,0.07185998,2000
2013-06-26,0.00098628,0.00152374,0.02269109,0.00088617,0.00014938,0.01575666,2000
2013-06-27,0.00637757,-0.00031359,-0.03476239,0.00325763,0.00041247,0.00898623,2000
2013-06-28,-0.00145822,-0.00016667,-0.01408975,-0.00266952,-0.00053672,0.03313903,2000
2013-07-01,0.00755005,-0.00075438,-0.02232994,0.00383895,0.00034741,0.01066047,2000
2013-07-02,0.00018549,-0.00044426,0.00379645,0.00196402,-0.00029863,0.00319778,2000
2013-07-03,-0.00796702,0.00088695,-0.02054171,0.00252482,-0.00021134,0.02010528,2000
2013-07-04,-0.05856496,0.00266542,0.00057027,0.01205978,0.00977178,1.00000000,4
2013-07-05,0.00029603,0.00161231,0.04829145,0.00273112,0.00017707,0.02552790,2000
2013-07-08,0.00280834,0.00012654,0.03123163,0.00167807,0.00039346,0.02755275,2000
2013-07-09,0.00270684,0.00053822,-0.06130530,0.00306370,0.00086144,0.07564975,2000
2013-07-10,-0.00192991,0.00039876,-0.00109248,0.00074157,0.00024108,0.00761857,2000
2013-07-11,0.01032434,0.00036066,-0.03461153,0.00852010,0.00128007,0.09218824,2000
2013-07-12,-0.00248507,0.00048681,-0.07718129,-0.00051330,-0.00012737,0.03666192,2000
2013-07-15,0.00210902,-0.00031089,0.00940329,0.00192943,0.00014446,0.00635535,2000
2013-07-16,0.00077380,-0.00028602,0.02382951,0.00251778,0.00012357,0.00436681,2000
2013-07-17,0.00166556,0.00040472,0.00331524,0.00141451,0.00024955,0.01382534,2000
2013-07-18,0.00068932,0.00029294,0.00908543,0.00152550,-0.00023146,0.00130850,2000
2013-07-19,-0.00405833,0.00084368,-0.00856041,-0.00008928,0.00015725,0.01172469,2000
2013-07-22,0.00412371,-0.00092255,0.07503170,0.00472627,0.00033054,0.11210970,2000
2013-07-23,0.00525796,-0.00073559,0.02209599,0.00220315,0.00031881,0.02363002,2000
2013-07-24,-0.00066543,0.00075658,-0.05487390,0.00163845,0.00036333,0.02588816,2000
2013-07-25,-0.00464315,0.00073629,-0.01877831,0.00206936,-0.00025160,0.00658834,2000
2013-07-26,-0.00016625,-0.00153143,-0.00423439,-0.00294195,-0.00043484,0.00478439,2000
2013-07-29,-0.00235145,0.00007861,0.02344655,0.00215013,-0.00010753,0.01543689,2000
2013-07-30,0.00099399,0.00038022,-0.04764226,0.00228667,-0.00007248,0.00622036,2000
2013-07-31,-0.00267733,0.00122412,-0.00953640,0.00100703,-0.00001450,0.01463205,2000
2013-08-01,0.00243171,0.00140888,-0.02448844,0.00379364,0.00084650,0.04383601,2000
2013-08-02,0.00057340,-0.00055954,-0.01083757,0.00042974,-0.00015972,0.00405412,2000
2013-08-05,-0.00035370,-0.00033698,-0.02975610,0.00078099,-0.00013459,0.01262561,2000
2013-08-06,-0.00366322,0.00042557,0.02295004,-0.00036128,-0.00027826,0.00353942,2000
2013-08-07,-0.00221330,-0.00039092,-0.01501101,-0.00047244,-0.00006121,0.00295937,2000
2013-08-08,0.00345637,0.00023683,-0.04598308,0.00306541,0.00062658,0.02861662,2000
2013-08-09,0.00047550,-0.00051561,0.02513025,-0.00008181,0.00001810,0.00417165,2000
2013-08-12,0.00224560,-0.00157030,0.07136974,0.00139903,-0.00002572,0.05566617,2000
2013-08-13,-0.00107496,0.00039452,0.00685719,0.00240100,0.00050760,0.03501165,2000
2013-08-14,0.00084273,-0.00048548,-0.01912096,0.00099207,0.00017082,0.00889455,2000
2013-08-15,-0.00876277,-0.00006266,0.00000380,-0.00393900,-0.00091493,0.02037958,2000
2013-08-16,-0.00121568,-0.00027817,0.03973670,-0.00061028,0.00008776,0.01698527,2000
2013-08-19,0.00380774,-0.00189901,0.00584262,0.00218871,0.00029385,0.00326731,2000
2013-08-20,-0.00261400,0.00061842,-0.08004191,-0.00034652,0.00005819,0.00815743,2000
2013-08-21,-0.00437235,0.00041581,-0.04119190,0.00009461,-0.00012380,0.01262107,2000
2013-08-22,0.00421819,-0.00050908,0.00845149,0.00164586,0.00040167,0.01723740,2000
2013-08-23,0.00087114,0.00014699,-0.01774264,0.00070766,0.00060820,0.02801422,2000
2013-08-26,0.00030122,0.00013913,-0.00996283,0.00149487,0.00016663,0.01765419,2000
2013-08-27,-0.00471893,-0.00090462,0.04836260,-0.00067008,-0.00057985,0.00641667,2000
2013-08-28,-0.00220155,0.00038836,-0.09535283,0.00101939,-0.00031763,0.05108136,2000
2013-08-29,-0.00016379,-0.00018788,0.03178994,0.00134172,-0.00049034,0.01262453,2000
2013-08-30,0.00061818,-0.00007446,-0.03560538,-0.00025024,0.00047328,0.01363046,2000
2013-09-02,0.00000000,0.00000000,0.00000000,0.00000000,0.00000000,1.00000000,4
2013-09-03,0.00817987,0.00013879,-0.16774346,0.00325813,0.00103029,0.06553571,2000
2013-09-04,-0.00020847,-0.00009700,0.01493784,-0.00043274,-0.00009349,0.00040871,2000
2013-09-05,0.00123320,-0.00027485,-0.00660067,0.00195240,0.00023669,0.02551336,2000
2013-09-06,0.00661787,-0.00056393,-0.02911833,0.00420088,0.00068276,0.12380265,2000
2013-09-09,0.00780379,-0.00154943,-0.04069580,0.00341611,0.00028315,0.01239786,2000
2013-09-10,0.00066750,0.00048997,0.11153985,-0.00203026,0.00069557,0.02665038,2000
2013-09-11,-0.00218309,0.00019354,-0.03258443,0.00167849,0.00030271,0.01064186,2000
2013-09-12,-0.00395008,0.00084597,-0.02730209,-0.00073485,-0.00017492,0.01220952,2000
2013-09-13,-0.00022385,0.00063484,0.01819220,0.00183702,-0.00010791,0.02138287,2000
2013-09-16,0.00650419,0.00112974,0.01152852,0.00429895,0.00090911,0.10558537,2000
2013-09-17,0.00067713,-0.00022512,-0.01344621,0.00064482,0.00026727,0.01163679,2000
2013-09-18,-0.00130432,0.00024302,0.05067619,0.00077067,-0.00010681,0.02547348,2000
2013-09-19,-0.00127672,0.00077427,0.00611798,0.00281987,0.00037449,0.03582855,2000
2013-09-20,-0.00456680,0.00169763,0.00022731,0.00111003,-0.00045075,0.03657581,2000
2013-09-23,-0.00249664,0.00033198,-0.05798116,0.00036609,-0.00070162,0.04722084,2000
2013-09-24,-0.00192885,0.00055160,0.02328878,0.00105849,-0.00010721,0.01205637,2000
2013-09-25,-0.00032857,0.00026255,-0.10194533,0.00190446,0.00010493,0.07197083,2000
2013-09-26,-0.00183041,0.00091276,-0.01028032,0.00317330,0.00003422,0.04087218,2000
2013-09-27,-0.00187684,-0.00080882,-0.08362675,-0.00084377,-0.00017470,0.00548994,2000
2013-09-30,-0.00421693,-0.00091552,-0.05163395,-0.00342899,-0.00058808,0.00745756,2000
2013-10-01,-0.00182300,0.00056987,0.00853685,0.00007186,-0.00006616,0.00542428,2000
2013-10-02,-0.00301658,-0.00049409,-0.01413144,0.00126132,0.00003584,0.01174937,2000
2013-10-03,-0.00074065,-0.00018520,0.01930479,0.00134885,-0.00013759,0.01223753,2000
2013-10-04,-0.00111741,0.00015767,-0.01334525,-0.00051768,0.00031720,0.01055901,2000
2013-10-07,-0.00212178,-0.00128468,-0.05200770,-0.00142849,-0.00059481,0.06347159,2000
2013-10-08,0.00079889,-0.00021063,0.01124036,0.00151991,0.00002252,0.01518505,2000
2013-10-09,0.00036595,0.00012923,-0.01947727,0.00072392,0.00037353,0.00214824,2000
2013-10-10,0.00560291,0.00096630,-0.07659581,0.00652003,0.00069542,0.14055749,2000
2013-10-11,-0.00418587,0.00084484,-0.05870534,0.00026818,0.00011093,0.01603917,2000
2013-10-14,-0.00268412,-0.00045872,-0.07359547,-0.00067390,-0.00058095,0.06754540,2000
2013-10-15,-0.00190273,-0.00010578,0.01685813,0.00008084,-0.00006773,0.00151315,2000
2013-10-16,0.00049898,0.00119462,0.11201866,0.00265923,0.00061250,0.14053124,2000
2013-10-17,0.00238032,-0.00101099,-0.09059141,0.00118274,0.00026515,0.04041853,2000
2013-10-18,0.00346358,0.00031536,0.00561076,0.00497656,0.00009675,0.09193581,2000
2013-10-21,0.00149634,-0.00007225,-0.02596491,0.00261654,-0.00004541,0.01956128,2000
2013-10-22,0.00399480,-0.00020217,-0.01358841,0.00277505,0.00028212,0.02743728,2000
2013-10-23,-0.00332047,-0.00024146,0.01009753,-0.00331561,-0.00030326,0.02591417,2000
2013-10-24,0.00355835,-0.00055239,-0.04728423,0.00181311,0.00004636,0.01705401,2000
2013-10-25,-0.00074960,0.00065046,0.09735109,0.00128625,-0.00025208,0.04726389,2000
2013-10-28,0.00076897,-0.00022275,-0.02858943,0.00082110,0.00012987,0.01312808,2000
2013-10-29,0.00091188,0.00014631,-0.07715474,0.00204213,0.00022475,0.03419620,2000
2013-10-30,0.00136482,-0.00018315,-0.00762322,0.00115159,-0.00011831,0.00269870,2000
2013-10-31,-0.00215803,0.00042602,-0.05213951,-0.00167192,-0.00055652,0.01338741,2000
2013-11-01,-0.00178245,0.00044989,0.05700212,-0.00044830,0.00026515,0.01151368,2000
2013-11-04,0.00544099,-0.00098879,-0.02183975,0.00277201,0.00024674,0.00575252,2000
2013-11-05,-0.00457928,0.00031812,-0.01821512,0.00004839,-0.00041775,0.00444113,2000
2013-11-06,0.00192396,0.00047585,-0.04494876,0.00306982,0.00035479,0.04836843,2000
2013-11-07,-0.00077265,0.00052033,-0.01684853,0.00095961,0.00015779,0.00422967,2000
2013-11-08,-0.00512944,0.00112981,0.04311421,-0.00007419,0.00037672,0.00586609,2000
2013-11-11,-0.00087963,-0.00020004,-0.00677659,0.00136676,0.00020166,0.00051676,2000
2013-11-12,-0.00448788,0.00073256,-0.01258757,0.00003385,-0.00032399,0.00871116,2000
2013-11-13,-0.00488894,0.00009805,-0.00635851,-0.00066960,-0.00014951,0.00123385,2000
2013-11-14,0.00341655,-0.00062100,-0.05670248,0.00189301,0.00015468,0.01791940,2000
2013-11-15,0.00094744,0.00009692,-0.01987062,0.00115825,0.00002826,0.00863612,2000
2013-11-18,0.00287712,-0.00009858,-0.01434043,0.00254665,0.00011145,0.03311953,2000
2013-11-19,-0.00131146,0.00019182,0.05061190,0.00035674,0.00015311,0.00843741,2000
2013-11-20,-0.00084944,0.00057381,-0.04309436,0.00293884,0.00020032,0.02685628,2000
2013-11-21,-0.00008143,0.00082996,0.11250670,0.00182653,-0.00009846,0.06203833,2000
2013-11-22,0.00342050,-0.00079293,0.03569791,0.00234539,0.00012115,0.02684893,2000
2013-11-25,-0.00026003,0.00038311,0.04052539,0.00180255,-0.00001300,0.03041713,2000
2013-11-26,-0.00099609,0.00029411,0.03311009,0.00055202,0.00004729,0.00583831,2000
2013-11-27,0.00122399,-0.00014071,-0.06107900,-0.00022328,0.00054920,0.02445597,2000
2013-11-28,-0.07637869,0.00867588,-0.00171230,0.03370654,0.02182174,1.00000000,4
2013-11-29,0.00584258,-0.00084851,-0.01718326,0.00198832,-0.00019263,0.02466601,2000
2013-12-02,-0.00025531,-0.00020993,-0.10161443,0.00122589,-0.00058704,0.00609383,2000
2013-12-03,-0.00127472,-0.00044543,0.00299165,0.00049877,-0.00042636,0.01541419,2000
2013-12-04,-0.00459182,0.00022185,-0.10842907,0.00039743,-0.00055244,0.02751879,2000
2013-12-05,-0.00334217,0.00057096,-0.15762609,0.00105026,-0.00017999,0.04051933,2000
2013-12-06,0.00523143,0.00048268,0.01862016,0.00194145,0.00072062,0.02209436,2000
2013-12-09,0.00110820,-0.00008879,-0.03129688,0.00074681,0.00059409,0.02004637,2000
2013-12-10,0.00247766,-0.00119050,0.04276333,0.00063854,0.00033953,0.03279049,2000
2013-12-11,-0.00287716,0.00058031,-0.05463802,0.00245772,0.00043866,0.01841084,2000
2013-12-12,-0.00386096,0.00069949,-0.02081194,0.00021642,-0.00039577,0.01504095,2000
2013-12-13,0.00074959,0.00034459,-0.02557784,0.00220450,0.00007455,0.02603062,2000
2013-12-16,0.00295317,0.00014261,0.02013793,0.00268527,0.00040574,0.02114660,2000
2013-12-17,-0.00033070,-0.00000716,-0.07096283,0.00094285,-0.00012932,0.00458123,2000
2013-12-18,-0.00120417,0.00058388,-0.03452141,0.00070781,0.00048527,0.01593343,2000
2013-12-19,-0.00578872,0.00092131,-0.00559980,-0.00054686,-0.00030930,0.01133452,2000
2013-12-20,0.00092170,-0.00014359,0.00460774,0.00176421,0.00033596,0.00397458,2000
2013-12-23,0.01008222,-0.00169747,-0.08670456,0.00080249,-0.00019513,0.00419083,2000
2013-12-24,-0.00205077,0.00060357,-0.00540407,0.00061278,-0.00012060,0.01089769,2000
2013-12-25,0.00367516,-0.00462170,-0.00003971,0.00922742,0.00335456,1.00000000,4
2013-12-26,0.00094675,0.00017233,0.02911095,0.00211350,0.00037014,0.02575832,2000
2013-12-27,-0.00178374,0.00078967,-0.03852144,0.00236748,0.00035912,0.03169733,2000
2013-12-30,0.00020441,-0.00019422,0.01049118,-0.00069259,0.00005170,0.00391269,2000
2013-12-31,-0.00004264,0.00034978,0.01410966,0.00038410,0.00000629,0.00629150,2000
2014-01-01,0.00000000,0.00000000,0.00000000,0.00000000,0.00000000,1.00000000,4
2014-01-02,-0.00044406,-0.00077504,-0.01763355,0.00138239,0.00006068,0.01586344,2000
2014-01-03,0.00275715,-0.00046659,0.00509567,0.00145300,0.00036075,0.02471579,2000
2014-01-06,0.00041359,0.00052136,0.05667441,0.00195144,0.00041731,0.01762576,2000
2014-01-07,0.00495504,-0.00060803,-0.01084912,0.00001842,0.00019824,0.00520742,2000
2014-01-08,0.00069345,-0.00047889,-0.01841248,-0.00158702,-0.00010864,0.00243206,2000
2014-01-09,0.00568794,-0.00129789,0.01774240,0.00557040,-0.00013257,0.00613251,2000
2014-01-10,0.00292555,-0.00033759,-0.00816527,-0.00024760,0.00033131,0.00425931,2000
2014-01-13,-0.00107766,-0.00013330,-0.02851579,0.00106678,0.00010221,0.00315187,2000
2014-01-14,0.00051822,0.00034254,-0.07838679,0.00116859,0.00013753,0.03282970,2000
2014-01-15,0.00113828,-0.00000501,0.01138302,0.00123599,0.00027680,0.01270486,2000
2014-01-16,0.00312735,-0.00155872,0.10465686,-0.00184849,0.00007439,0.01146195,2000
2014-01-17,0.00037456,-0.00014974,-0.00399762,-0.00027353,0.00033767,0.00321225,2000
2014-01-20,0.00000000,0.00000000,0.00000000,0.00000000,0.00000000,1.00000000,4
2014-01-21,0.00639369,-0.00043179,-0.06803069,0.00023959,0.00033196,0.00399675,2000
2014-01-22,0.01493951,-0.00425159,-0.01594689,0.00083960,-0.00133692,0.00713868,2000
2014-01-23,0.00111942,-0.00130286,-0.11261704,-0.00225790,-0.00056113,0.05263338,2000
2014-01-24,-0.00247258,-0.00088317,0.05104271,-0.00176150,-0.00058152,0.04477838,2000
2014-01-27,-0.00088865,0.00044203,-0.05471870,-0.00122572,-0.00073421,0.00540122,2000
2014-01-28,0.00253926,-0.00024168,-0.02448385,0.00076782,0.00069643,0.01817743,2000
2014-01-29,-0.00416230,-0.00077528,-0.02759203,-0.00279972,-0.00060939,0.02984278,2000
2014-01-30,0.00035922,0.00170789,-0.05828414,0.00270005,0.00053074,0.03101467,2000
2014-01-31,-0.00877711,-0.00064856,0.01324109,-0.00627429,-0.00040314,0.07388915,2000
2014-02-03,0.00089237,-0.00049317,-0.04201053,0.00072244,0.00014793,0.00154296,2000
2014-02-04,0.00243214,0.00016753,-0.04558824,0.00110781,0.00065385,0.03068218,2000
2014-02-05,-0.00052950,-0.00061443,-0.01421673,-0.00088224,-0.00015253,0.00564183,2000
2014-02-06,0.00272552,-0.00005485,-0.01767743,0.00125266,-0.00005801,0.00369916,2000
2014-02-07,0.00448506,-0.00019124,0.00124747,0.00213652,0.00026153,0.01392635,2000
2014-02-10,0.00064677,-0.00026526,0.01181208,0.00155977,-0.00024449,0.00525701,2000
2014-02-11,0.00271281,-0.00049755,0.00961773,0.00196292,-0.00002622,0.00908666,2000
2014-02-12,-0.00118648,0.00057916,0.01479880,0.00254722,0.00017258,0.02865385,2000
2014-02-13,-0.00629694,0.00033929,0.00023398,-0.00214354,-0.00054827,0.03149879,2000
2014-02-14,0.00264536,-0.00079781,0.02981871,0.00102344,-0.00030207,0.01006154,2000
2014-02-17,0.00029731,-0.00168364,0.00002114,0.00418432,0.00212690,1.00000000,4
2014-02-18,0.00018136,0.00047485,-0.01257908,0.00157388,0.00002460,0.00783297,2000
2014-02-19,-0.00332416,0.00023791,0.00461466,-0.00175829,-0.00011732,0.01509447,2000
2014-02-20,-0.00010525,0.00020700,0.01547835,0.00126901,0.00001772,0.00608403,2000
2014-02-21,0.00412553,-0.00052462,-0.01630883,0.00226953,-0.00037785,0.02656910,2000
2014-02-24,0.00338136,-0.00049754,0.00002475,0.00178870,-0.00000303,0.01715077,2000
2014-02-25,-0.00145048,0.00050832,-0.01500678,-0.00037655,-0.00014050,0.00430392,2000
2014-02-26,-0.00086871,0.00061441,0.04700918,0.00118441,-0.00005100,0.01125715,2000
2014-02-27,0.00135048,-0.00062843,0.00241448,0.00058638,0.00016842,0.00435758,2000
2014-02-28,-0.00017616,0.00044451,-0.07920431,0.00133074,-0.00021747,0.01376634,2000
2014-03-03,-0.00316741,-0.00112025,0.00810170,-0.00234475,-0.00087731,0.04909333,2000
2014-03-04,0.00423796,0.00140945,-0.10267609,0.00503188,0.00036029,0.13884585,2000
2014-03-05,0.00183097,-0.00078874,0.00003541,-0.00061647,0.00036291,0.01462580,2000
2014-03-06,0.00366562,-0.00039025,0.08272557,0.00159083,0.00014795,0.03245887,2000
2014-03-07,-0.00188497,0.00137769,0.01013432,0.00262015,-0.00024454,0.04786172,2000
2014-03-10,-0.00052221,-0.00027513,0.02168017,-0.00011754,-0.00035706,0.01012589,2000
2014-03-11,0.00156133,-0.00031053,-0.02582294,0.00073241,0.00056588,0.02815461,2000
2014-03-12,-0.00097289,-0.00091722,0.07506874,0.00040379,-0.00022522,0.02768311,2000
2014-03-13,0.00343967,-0.00039582,-0.00175736,0.00203485,0.00041219,0.04478639,2000
2014-03-14,-0.00075842,-0.00009359,0.06861027,-0.00055980,0.00020209,0.02206805,2000
2014-03-17,0.00395600,0.00020459,-0.04095017,0.00274306,0.00010590,0.04103077,2000
2014-03-18,-0.00117879,0.00057715,0.04505296,-0.00021015,-0.00003029,0.01204719,2000
2014-03-19,0.00029847,-0.00021486,0.00740552,0.00026090,0.00000318,0.00027978,2000
2014-03-20,-0.00432589,0.00057084,-0.00607735,0.00018460,-0.00032602,0.00893549,2000
2014-03-21,0.00184651,0.00075975,-0.00167710,0.00147278,0.00061622,0.04605413,2000
2014-03-24,-0.00002272,0.00068894,-0.03383060,0.00102355,0.00017137,0.01708812,2000
2014-03-25,0.00238140,0.00036936,-0.05267562,0.00160872,0.00029743,0.07564738,2000
2014-03-26,0.00273761,0.00046394,0.01617914,0.00257128,-0.00008379,0.02775028,2000
2014-03-27,0.00102989,-0.00016212,0.03584760,0.00059019,-0.00001381,0.00632055,2000
2014-03-28,0.00076406,0.00028995,0.02065012,0.00011323,0.00058280,0.02628856,2000
2014-03-31,0.00301038,0.00042381,-0.01548603,0.00217936,0.00050848,0.01004246,2000
2014-04-01,0.00485042,-0.00085449,-0.02026986,0.00231084,-0.00004522,0.00776906,2000
2014-04-02,0.00199335,-0.00039465,-0.00962996,0.00272346,0.00000981,0.04243755,2000
2014-04-03,-0.00097564,0.00040101,-0.02453133,-0.00019383,0.00010056,0.00769125,2000
2014-04-04,0.00697371,-0.00038446,-0.02306128,0.00364716,0.00033694,0.08953375,2000
2014-04-07,0.00226035,-0.00110972,0.05048156,-0.00474814,-0.00088989,0.01049752,2000
2014-04-08,0.00276518,-0.00051212,0.02956987,0.00168985,0.00031957,0.01504712,2000
2014-04-09,-0.00045817,0.00083839,0.03216113,0.00177434,-0.00001302,0.04201378,2000
2014-04-10,0.00247032,-0.00083322,-0.00084696,-0.00082627,0.00030858,0.00474727,2000
2014-04-11,-0.00522553,0.00011530,0.09679105,-0.00375470,0.00009389,0.15077216,2000
2014-04-14,0.00464239,0.00056744,-0.03238260,0.00441681,0.00025998,0.11489940,2000
2014-04-15,-0.00259695,0.00085676,-0.01778189,-0.00056225,-0.00043905,0.00387318,2000
2014-04-16,0.00264723,0.00088015,-0.04533453,0.00359651,0.00027325,0.12360671,2000
2014-04-17,-0.00012807,-0.00011430,0.00475217,-0.00025974,-0.00019773,0.00336283,2000
2014-04-18,0.00084203,0.00381270,0.00000000,-0.00802421,-0.00373441,1.00000000,4
2014-04-21,0.00107135,-0.00011604,-0.02330688,0.00111652,-0.00004473,0.01121720,2000
2014-04-22,0.00099316,0.00006550,0.01796953,0.00117862,-0.00013089,0.00926745,2000
2014-04-23,0.00076251,-0.00037666,-0.00893078,-0.00036236,0.00028450,0.00385318,2000
2014-04-24,0.00264511,0.00015784,-0.11090501,0.00211362,0.00025378,0.05227233,2000
2014-04-25,-0.00389565,0.00043877,0.02290262,-0.00256343,-0.00024187,0.03135243,2000
2014-04-28,-0.00067347,0.00099268,-0.03705361,0.00019575,0.00001745,0.01428251,2000
2014-04-29,0.00228780,0.00028327,-0.03744319,0.00154267,-0.00008887,0.01235076,2000
2014-04-30,-0.00279569,0.00044434,-0.04452669,-0.00240945,0.00005693,0.01802679,2000
2014-05-01,0.00088008,-0.00017042,-0.05245190,0.00028407,0.00005300,0.00518379,2000
2014-05-02,0.00047450,0.00000190,0.01220656,0.00140749,-0.00015612,0.00500814,2000
2014-05-05,-0.00060958,-0.00113076,0.01096854,-0.00286523,0.00000995,0.07937604,2000
2014-05-06,0.00082708,-0.00082326,0.00973554,-0.00120581,0.00036554,0.01356282,2000
2014-05-07,0.00058433,0.00017990,-0.03268815,0.00020824,0.00042283,0.01057521,2000
2014-05-08,0.00312771,-0.00123429,-0.02497481,-0.00139849,-0.00004857,0.00679197,2000
2014-05-09,-0.00131388,-0.00035672,-0.03217195,-0.00295064,0.00074817,0.02829973,2000
2014-05-12,0.00414703,-0.00006700,-0.02391110,0.00224110,0.00049593,0.04321487,2000
2014-05-13,-0.00169833,0.00050117,-0.02966939,0.00100007,0.00025071,0.01695565,2000
2014-05-14,0.00074082,-0.00035859,-0.01567970,0.00005445,0.00026926,0.00419501,2000
2014-05-15,-0.00201427,-0.00014525,0.03138856,-0.00206520,-0.00007763,0.05056503,2000
2014-05-16,-0.00124785,0.00017926,-0.15036702,-0.00205108,-0.00011464,0.02241141,2000
2014-05-19,0.01027883,-0.00332666,-0.02746049,-0.00027693,0.00016678,0.00474064,2000
2014-05-20,-0.00138950,-0.00004172,-0.01964938,-0.00041431,-0.00007806,0.00462010,2000
2014-05-21,0.00102877,0.00036920,-0.06833780,0.00193693,0.00004834,0.06360075,2000
2014-05-22,0.00241935,-0.00040955,-0.00676783,0.00082815,-0.00016660,0.00864060,2000
2014-05-23,0.00449144,-0.00123415,-0.02135722,0.00110523,-0.00006671,0.00250355,2000
2014-05-26,-0.02183258,0.00417539,-0.00009623,0.00513448,0.00454380,1.00000000,4
2014-05-27,0.00238289,0.00034492,0.03565643,0.00214749,0.00007581,0.04888674,2000
2014-05-28,0.00022342,-0.00022889,-0.00068267,-0.00055115,0.00017885,0.00220488,2000
2014-05-29,-0.00108482,0.00086722,0.00489846,0.00100440,0.00013218,0.01169219,2000
2014-05-30,-0.00049640,0.00013529,-0.11631097,0.00104575,-0.00049198,0.04518505,2000
2014-06-02,0.00265366,-0.00055336,0.04497356,0.00033806,-0.00006261,0.00253638,2000
2014-06-03,-0.00107013,-0.00042356,-0.00640761,-0.00118338,-0.00012371,0.03064590,2000
2014-06-04,-0.00087501,-0.00031072,0.03364884,-0.00094674,0.00005516,0.00616576,2000
2014-06-05,0.00307611,-0.00038850,-0.07667747,0.00138092,0.00032584,0.02677313,2000
2014-06-06,0.00453908,-0.00047693,0.01394164,0.00258959,-0.00003170,0.05663776,2000
2014-06-09,0.00313471,-0.00107209,-0.01432034,0.00065888,-0.00034313,0.00524367,2000
2014-06-10,0.00192296,-0.00093351,-0.04768505,-0.00034009,0.00006726,0.02024145,2000
2014-06-11,-0.00093871,-0.00070770,0.01211792,-0.00151115,0.00011472,0.03168343,2000
2014-06-12,-0.00100035,-0.00001141,0.02392924,-0.00016265,-0.00009074,0.00196671,2000
2014-06-13,0.00371064,-0.00070756,0.01044137,0.00206658,0.00003929,0.00637111,2000
2014-06-16,-0.00006508,-0.00004156,0.01358525,0.00011508,-0.00021109,0.00233646,2000
2014-06-17,-0.00126453,0.00004046,-0.03331842,0.00067514,-0.00032167,0.00794350,2000
2014-06-18,0.00179437,-0.00056681,-0.04047728,0.00017607,0.00008221,0.00200669,2000
2014-06-19,0.00197782,-0.00002662,-0.03892303,0.00086797,0.00004451,0.00865404,2000
2014-06-20,-0.00073838,0.00051252,-0.04394917,-0.00028396,-0.00041292,0.00320836,2000
2014-06-23,0.00020196,0.00011219,-0.01580087,0.00066480,-0.00020865,0.00560238,2000
2014-06-24,0.00165636,-0.00082561,0.00114083,-0.00028715,-0.00014234,0.01693076,2000
2014-06-25,-0.00168603,-0.00026950,-0.01646582,-0.00200408,0.00014718,0.01725897,2000
2014-06-26,-0.00081409,0.00020898,-0.00130540,0.00092690,-0.00008145,0.00348148,2000
2014-06-27,-0.00149750,-0.00030914,0.02036299,-0.00163927,0.00015698,0.02729572,2000
2014-06-30,-0.00038042,0.00014518,-0.06079119,-0.00013730,-0.00021287,0.01095327,2000
2014-07-01,0.00146787,0.00016016,0.00977858,0.00144472,-0.00008833,0.00594688,2000
2014-07-02,0.00020476,-0.00028685,-0.03686572,0.00092851,-0.00004520,0.00482555,2000
2014-07-03,-0.00156324,0.00089502,-0.04117444,0.00112632,-0.00001186,0.02057567,2000
2014-07-04,-0.04834099,0.00740361,-0.00022620,0.01001821,0.00865291,1.00000000,4
2014-07-07,-0.00088526,-0.00030809,-0.03781412,-0.00031614,-0.00043497,0.02484183,2000
2014-07-08,0.00023971,-0.00034722,0.02739035,-0.00024751,-0.00047064,0.02302038,2000
2014-07-09,0.00067342,0.00011487,-0.04014299,0.00116712,0.00037819,0.01297564,2000
2014-07-10,-0.00350007,-0.00233501,0.19285587,-0.00906227,-0.00035501,0.08323710,2000
2014-07-11,-0.00240412,0.00042644,-0.05598684,0.00060646,-0.00009933,0.01594893,2000
2014-07-14,0.00095743,0.00119755,-0.13088909,0.00204452,-0.00023038,0.07126606,2000
2014-07-15,0.00138589,-0.00043796,-0.01348306,-0.00004955,0.00012275,0.00570654,2000
2014-07-16,0.00220209,0.00040869,-0.04147311,0.00141707,0.00050806,0.02940137,2000
2014-07-17,-0.00187716,-0.00034343,0.02228870,-0.00115003,-0.00028234,0.01932848,2000
2014-07-18,-0.00175176,0.00049384,-0.11805611,-0.00239927,0.00066287,0.06948482,2000
2014-07-21,0.00014952,-0.00078017,-0.04238321,-0.00067827,-0.00013595,0.03650018,2000
2014-07-22,0.00120771,0.00071649,0.02307003,0.00163968,0.00006006,0.01698466,2000
2014-07-23,-0.00184258,0.00111132,-0.10162177,0.00399077,-0.00054302,0.00643750,2000
2014-07-24,0.00088594,0.00016363,-0.01188303,0.00130960,0.00018339,0.00682005,2000
2014-07-25,-0.00113583,-0.00077696,-0.01508733,-0.00427276,0.00006956,0.03882915,2000
2014-07-28,0.00135544,-0.00030276,-0.05921085,-0.00031354,-0.00023165,0.01807744,2000
2014-07-29,0.00114786,-0.00009462,-0.03951227,-0.00040832,0.00011951,0.00294433,2000
2014-07-30,0.00338925,0.00020420,0.07940017,0.00585980,0.00019024,0.05850419,2000
2014-07-31,-0.00770881,-0.00025088,-0.11646618,-0.00645617,-0.00013512,0.07750810,2000
2014-08-01,0.00082004,-0.00075226,-0.05579287,-0.00024185,-0.00022172,0.00871486,2000
2014-08-04,0.00401628,-0.00050837,-0.05410816,0.00227366,0.00001343,0.01147747,2000
2014-08-05,-0.00240651,-0.00035592,-0.08033739,-0.00080513,-0.00018531,0.02092254,2000
2014-08-06,-0.00198322,-0.00070374,0.01421498,-0.00236643,-0.00035659,0.01650557,2000
2014-08-07,0.00144646,0.00039521,-0.04528994,0.00151848,0.00038056,0.00831943,2000
2014-08-08,-0.00150994,0.00042846,0.01087626,-0.00077035,0.00031205,0.00420651,2000
2014-08-11,0.00231771,0.00051755,-0.00925169,0.00254912,-0.00001270,0.03215827,2000
2014-08-12,0.00356914,-0.00143238,-0.01939681,-0.00123691,0.00057743,0.00217867,2000
2014-08-13,-0.00035280,0.00069423,-0.05430042,0.00104969,0.00014921,0.01609544,2000
2014-08-14,0.00003871,0.00037645,-0.02818589,-0.00006936,0.00005534,0.00681772,2000
2014-08-15,0.00478623,-0.00018042,0.03953125,0.00268025,-0.00022732,0.03415907,2000
2014-08-18,0.00260558,0.00061754,-0.11767394,0.00196253,-0.00000646,0.06057591,2000
2014-08-19,0.00695864,-0.00156115,0.00025106,0.00037288,0.00113341,0.00685155,2000
2014-08-20,-0.00154840,-0.00018902,-0.01501998,-0.00063971,0.00020157,0.00470701,2000
2014-08-21,-0.00126679,0.00044787,0.01022936,-0.00104746,0.00018120,0.01941641,2000
2014-08-22,0.00051432,-0.00036689,-0.00264301,-0.00040723,-0.00039739,0.00209480,2000
2014-08-25,0.00145428,0.00060351,-0.00765072,0.00154177,0.00037670,0.06152546,2000
2014-08-26,0.00202752,-0.00020632,-0.00177412,0.00044549,0.00026813,0.00769781,2000
2014-08-27,0.00074929,-0.00000383,0.02880318,0.00021201,0.00030025,0.00652170,2000
2014-08-28,-0.00127656,-0.00056186,0.02883630,-0.00153733,-0.00032526,0.02982229,2000
2014-08-29,-0.00003751,0.00038690,0.00431471,0.00041592,0.00023769,0.01312048,2000
2014-09-01,0.00000000,0.00000000,0.00000000,0.00000000,0.00000000,1.00000000,4
2014-09-02,-0.00134391,0.00078175,-0.05851693,0.00090409,-0.00058655,0.03003382,2000
2014-09-03,0.00294423,0.00014705,-0.02379260,0.00157336,0.00039692,0.02976840,2000
2014-09-04,0.00057213,0.00015859,-0.01959051,0.00142916,-0.00017104,0.01752174,2000
2014-09-05,-0.00107699,-0.00010519,-0.05613738,-0.00081111,0.00011043,0.03194177,2000
2014-09-08,0.00017568,-0.00048646,-0.01826277,0.00010479,-0.00034791,0.00478816,2000
2014-09-09,-0.00112387,-0.00009466,0.00936604,-0.00029916,0.00013689,0.00054778,2000
2014-09-10,-0.00183913,0.00027484,-0.04609230,0.00004276,0.00011803,0.01144144,2000
2014-09-11,-0.00214183,-0.00064627,-0.02551898,-0.00222569,-0.00025546,0.00757058,2000
2014-09-12,-0.00271623,0.00044064,0.02617282,0.00058132,-0.00037607,0.01374923,2000
2014-09-15,-0.00044784,0.00002541,-0.02175429,-0.00084471,0.00007530,0.00670616,2000
2014-09-16,-0.00189959,0.00014435,0.04341661,-0.00046388,-0.00025506,0.00763713,2000
2014-09-17,0.00051950,0.00011121,0.01606101,0.00097473,0.00049212,0.02558451,2000
2014-09-18,-0.00083842,0.00087382,-0.01357413,-0.00003127,-0.00011549,0.01028386,2000
2014-09-19,-0.00072155,0.00071826,0.02626375,0.00044633,0.00063733,0.05279167,2000
2014-09-22,-0.00515283,0.00071802,0.04837217,-0.00326925,-0.00001330,0.03989852,2000
2014-09-23,-0.00165429,-0.00043705,-0.08354096,-0.00211896,-0.00003258,0.02675470,2000
2014-09-24,-0.00155762,0.00053325,-0.04689464,-0.00001361,-0.00025928,0.01553196,2000
2014-09-25,-0.00432508,0.00055997,-0.04247799,-0.00117489,-0.00026536,0.01972891,2000
2014-09-26,-0.00240432,0.00053031,-0.06008175,0.00127855,0.00040505,0.01935865,2000
2014-09-29,-0.00598801,-0.00048630,-0.10038754,-0.00391293,-0.00062579,0.04399917,2000
2014-09-30,0.00018531,-0.00017005,0.08073895,0.00014879,-0.00010608,0.02466081,2000
2014-10-01,0.00080481,-0.00051568,0.02342817,0.00051854,-0.00012115,0.00817168,2000
2014-10-02,0.00048015,-0.00031959,0.01163542,0.00022917,-0.00002295,0.00386649,2000
2014-10-03,0.00126627,0.00114374,0.07122342,0.00312389,-0.00025919,0.08691975,2000
2014-10-06,0.00899268,-0.00156164,0.10965664,0.00279378,0.00103344,0.07065371,2000
2014-10-07,-0.00056148,-0.00101398,0.04499872,-0.00198404,-0.00007582,0.02746389,2000
2014-10-08,0.00063451,-0.00044340,-0.05173945,-0.00090013,0.00046863,0.02220749,2000
2014-10-09,0.00228221,-0.00123270,-0.00791293,-0.00117084,0.00014550,0.00451760,2000
2014-10-10,-0.00468896,0.00026110,0.01577576,-0.00305157,0.00044406,0.00986422,2000
2014-10-13,0.00460235,-0.00101126,0.00819830,-0.00009984,0.00065703,0.01498846,2000
2014-10-14,0.00560359,-0.00034590,-0.00547819,0.00372482,0.00030940,0.07504901,2000
2014-10-15,-0.00541709,-0.00181001,0.01026493,-0.00558709,-0.00081240,0.02460562,2000
2014-10-16,-0.01306908,-0.00008645,-0.00714947,-0.00566759,-0.00149064,0.14369707,2000
2014-10-17,0.00789326,0.00031154,0.05924357,0.00648768,0.00027999,0.20414018,2000
2014-10-20,0.00083494,-0.00066907,-0.05953102,-0.00193498,-0.00005651,0.00863450,2000
2014-10-21,-0.00021090,0.00109037,0.08529045,0.00255966,0.00039750,0.05861226,2000
2014-10-22,0.00051397,-0.00011721,0.10503607,0.00051841,-0.00017459,0.02389489,2000
2014-10-23,0.00386619,0.00081625,-0.09813274,0.00198329,0.00044850,0.02079678,2000
2014-10-24,0.00205833,-0.00025134,-0.01619951,0.00032460,-0.00021331,0.00218440,2000
2014-10-27,-0.00960734,0.00156562,-0.05625174,-0.00517642,-0.00106211,0.09869685,2000
2014-10-28,0.00410135,-0.00023486,0.01084035,0.00136918,0.00027483,0.00732504,2000
2014-10-29,-0.00056485,0.00054544,-0.03054563,0.00173039,0.00008541,0.00631894,2000
2014-10-30,-0.00227868,-0.00017252,-0.01838453,-0.00204562,-0.00013987,0.00955189,2000
2014-10-31,0.00482758,0.00100457,0.16881368,0.00310780,-0.00060628,0.05180214,2000
2014-11-03,-0.00045334,0.00017295,0.00453618,0.00114161,-0.00036593,0.00438124,2000
2014-11-04,0.00456496,-0.00237488,0.08818713,-0.00543958,-0.00153902,0.00943896,2000
2014-11-05,-0.00128314,0.00151081,0.01702652,0.00147424,0.00045334,0.01983130,2000
2014-11-06,-0.00216938,0.00027455,-0.08814088,-0.00163315,0.00002600,0.02095500,2000
2014-11-07,0.00153559,-0.00074458,0.04033543,0.00143620,-0.00058967,0.00139912,2000
2014-11-10,0.00142015,-0.00017368,-0.00189317,0.00142469,0.00034887,0.01732752,2000
2014-11-11,0.00129360,-0.00042835,-0.03571814,-0.00005609,0.00021704,0.01256619,2000
2014-11-12,-0.00323282,-0.00017847,-0.00729768,-0.00104971,-0.00005448,0.00630265,2000
2014-11-13,-0.00083672,0.00023226,-0.02465740,-0.00096991,0.00001557,0.01032092,2000
2014-11-14,-0.00227062,0.00048852,0.01352816,-0.00011350,-0.00035601,0.00489273,2000
2014-11-17,-0.00194993,-0.00024357,-0.10236527,-0.00033380,0.00066429,0.01304675,2000
2014-11-18,0.00810646,-0.00196445,0.07940659,-0.00023447,0.00076756,0.00503129,2000
2014-11-19,-0.00035409,-0.00015714,0.02170281,-0.00059561,0.00024780,0.00391170,2000
2014-11-20,-0.00065657,-0.00088009,-0.03783815,-0.00005070,0.00017677,0.01657124,2000
2014-11-21,0.01231364,-0.00052096,-0.01362590,0.00610748,0.00084772,0.17342537,2000
2014-11-24,-0.00016686,0.00045323,-0.02509568,-0.00062265,-0.00005936,0.01095973,2000
2014-11-25,0.00262919,-0.00034055,-0.05877727,0.00123235,0.00038589,0.03318331,2000
2014-11-26,-0.00094940,0.00032062,0.01815201,-0.00166949,0.00001080,0.02038560,2000
2014-11-27,-0.07026220,0.01145560,-0.00007980,0.01563175,0.01286070,1.00000000,4
2014-11-28,-0.00944692,0.00134486,0.38896547,-0.00949266,-0.00091628,0.25107327,2000
2014-12-01,0.00199256,-0.00138693,0.02032547,-0.00206443,-0.00021564,0.00521404,2000
2014-12-02,-0.00412785,0.00090924,-0.08765025,-0.00284207,-0.00025173,0.09277625,2000
2014-12-03,0.00356452,-0.00094057,0.01358699,0.00124087,0.00052104,0.03801321,2000
2014-12-04,-0.00289339,0.00039431,-0.02881031,-0.00229287,-0.00060050,0.03092710,2000
2014-12-05,-0.00220621,0.00041250,0.01994640,-0.00047901,0.00009349,0.00747521,2000
2014-12-08,-0.00270816,-0.00029592,0.08508586,-0.00335233,-0.00049807,0.02236360,2000
2014-12-09,-0.00141813,-0.00230020,0.01054427,-0.00090472,-0.00098933,0.00497307,2000
2014-12-10,-0.00343347,0.00022767,-0.08287896,-0.00302483,-0.00041460,0.12693126,2000
2014-12-11,-0.00241041,0.00139038,0.02548880,0.00091709,-0.00001732,0.01936399,2000
2014-12-12,-0.00706808,-0.00052159,-0.00206852,-0.00557875,0.00032184,0.11293730,2000
2014-12-15,0.00017421,0.00125245,0.01319580,0.00269836,0.00003522,0.03256062,2000
2014-12-16,-0.00183007,-0.00072035,-0.01705959,-0.00371535,0.00036287,0.01181220,2000
2014-12-17,0.00081249,0.00026363,-0.01018565,0.00105784,0.00084796,0.03365154,2000
2014-12-18,0.01242550,-0.00079942,0.08261655,0.00894915,0.00197042,0.26954726,2000
2014-12-19,-0.00253044,0.00102578,-0.03441791,0.00134709,0.00043591,0.03345797,2000
2014-12-22,0.00224537,-0.00048341,-0.08650211,-0.00124215,-0.00031177,0.06001959,2000
2014-12-23,0.00027192,0.00085589,-0.02220902,0.00208164,-0.00001159,0.03712013,2000
2014-12-24,-0.00195580,0.00057275,-0.03957838,-0.00111796,-0.00025723,0.03609545,2000
2014-12-25,0.00000000,0.00000000,0.00000000,0.00000000,0.00000000,1.00000000,4
2014-12-26,0.00383039,-0.00033102,0.03101409,0.00287264,0.00068309,0.07141080,2000
2014-12-29,-0.00432902,0.00080247,-0.03991430,0.00233738,0.00015271,0.03584860,2000
2014-12-30,-0.00010626,-0.00074497,-0.06701297,-0.00134239,0.00026423,0.01074100,2000
2014-12-31,-0.00113323,0.00065667,-0.03878679,-0.00361579,-0.00034839,0.17330225,2000
2015-01-01,0.00000000,0.00000000,0.00000000,0.00000000,0.00000000,1.00000000,4
2015-01-02,-0.00067666,0.00072052,-0.14420968,-0.00030729,-0.00050631,0.08708503,2000
2015-01-05,-0.00462159,-0.00040408,0.03777240,-0.00423256,-0.00108044,0.08975238,2000
2015-01-06,0.00322629,-0.00046703,0.06622586,0.00011074,0.00013744,0.03203020,2000
2015-01-07,0.00573507,0.00014253,-0.08791592,0.00302203,0.00063343,0.08602157,2000
2015-01-08,0.00322829,0.00096822,0.00285365,0.00403106,0.00040660,0.07714566,2000
2015-01-09,-0.00041942,0.00023743,0.00455835,0.00072452,0.00027132,0.00735500,2000
2015-01-12,-0.00241472,0.00044465,-0.03948598,-0.00483195,-0.00070438,0.10411385,2000
2015-01-13,0.00286468,0.00082572,0.03417919,0.00201348,0.00024388,0.02292810,2000
2015-01-14,-0.00694627,-0.00087723,-0.04882816,-0.00465121,-0.00077954,0.05939089,2000
2015-01-15,0.00915605,-0.00148978,-0.02951104,0.00543934,0.00083158,0.14358523,2000
2015-01-16,-0.00015150,-0.00052387,0.00599812,0.00096924,0.00091918,0.02812750,2000
2015-01-19,0.03508182,-0.00890670,-0.00010973,0.00076151,0.00017547,1.00000000,4
2015-01-20,0.00129101,0.00034441,-0.07589277,-0.00129369,0.00031609,0.02603165,2000
2015-01-21,0.00140294,-0.00058018,0.02071364,0.00179549,0.00010004,0.02084967,2000
2015-01-22,0.00577161,-0.00025474,0.02244436,0.00265113,0.00033243,0.06426575,2000
2015-01-23,-0.00376086,0.00087235,0.03546185,-0.00003261,-0.00101472,0.01503959,2000
2015-01-26,-0.00070852,0.00012893,0.01724371,0.00088386,0.00007518,0.00362408,2000
2015-01-27,-0.00107437,-0.00199768,-0.00080234,-0.00337942,-0.00048969,0.08782946,2000
2015-01-28,-0.00253818,0.00175720,-0.09048608,-0.00057543,-0.00042133,0.06245804,2000
2015-01-29,0.00066490,0.00016963,-0.02707820,-0.00080939,-0.00000889,0.00177727,2000
2015-01-30,-0.00643285,-0.00000507,-0.00815457,-0.00294710,-0.00096305,0.04479976,2000
2015-02-02,0.00274824,0.00019907,0.05151837,0.00257826,-0.00000538,0.04723769,2000
2015-02-03,0.00555409,-0.00054904,0.08748052,0.00394602,0.00063650,0.09520995,2000
2015-02-04,-0.00386058,0.00023329,-0.10813632,-0.00351683,-0.00061087,0.09971202,2000
2015-02-05,0.00133184,0.00056503,-0.06521089,0.00327294,0.00034114,0.04060228,2000
2015-02-06,-0.00445746,0.00133570,-0.00624365,0.00177221,-0.00032202,0.01153694,2000
2015-02-09,0.00155224,-0.00095188,-0.01941481,0.00146306,-0.00037500,0.02674802,2000
2015-02-10,-0.00082828,0.00115063,-0.00663338,-0.00037431,-0.00017698,0.00253001,2000
2015-02-11,-0.00519041,0.00065679,0.08817419,-0.00228146,-0.00028729,0.03123126,2000
2015-02-12,0.00882019,-0.00106937,0.02406207,0.00512369,0.00060283,0.10434514,2000
2015-02-13,0.00645652,-0.00142232,0.00769902,0.00379202,0.00045812,0.01685589,2000
2015-02-16,0.00000000,0.00000000,0.00000000,0.00000000,0.00000000,1.00000000,4
2015-02-17,-0.00114171,0.00014436,-0.01207439,0.00002137,-0.00076028,0.01953062,2000
2015-02-18,-0.00110809,-0.00029297,-0.04409724,-0.00254293,-0.00000286,0.04297417,2000
2015-02-19,-0.00580397,0.00049740,0.06654560,-0.00606200,-0.00074327,0.09722235,2000
2015-02-20,0.00203976,-0.00077626,-0.03142976,0.00056670,-0.00058089,0.00567156,2000
2015-02-23,-0.00479959,0.00086013,0.04936537,-0.00314396,-0.00071038,0.10365590,2000
2015-02-24,0.00144589,-0.00029203,-0.01933424,0.00206603,-0.00002279,0.02213509,2000
2015-02-25,0.00029067,-0.00009761,0.00893934,0.00020629,-0.00033002,0.00260672,2000
2015-02-26,0.00095316,-0.00043593,-0.08279644,-0.00062076,-0.00015003,0.02061787,2000
2015-02-27,0.00117655,-0.00036945,-0.04145964,0.00026079,0.00027300,0.00712583,2000
2015-03-02,-0.00142500,0.00034718,0.00307778,-0.00151981,-0.00044553,0.01386049,2000
2015-03-03,0.00027792,-0.00067567,-0.01609589,0.00153637,0.00006280,0.01156592,2000
2015-03-04,0.00266094,-0.00189552,-0.01775616,-0.00030016,-0.00067185,0.00328479,2000
2015-03-05,-0.00108439,0.00060734,-0.02604311,-0.00021445,-0.00002133,0.00642922,2000
2015-03-06,-0.00752132,0.00036417,0.01912394,-0.00275241,-0.00048317,0.05009617,2000
2015-03-09,-0.00068504,0.00043131,-0.06325941,0.00060534,-0.00017941,0.02453797,2000
2015-03-10,-0.00625646,-0.00039333,0.00513465,-0.00312930,-0.00063323,0.06838614,2000
2015-03-11,-0.00015763,0.00014182,0.01987036,0.00107337,0.00032104,0.00527537,2000
2015-03-12,0.00659595,-0.00051600,-0.00716724,0.00140370,0.00053111,0.01810822,2000
2015-03-13,-0.00379144,0.00033931,0.04327484,-0.00169760,-0.00084808,0.05914970,2000
2015-03-16,0.00123679,0.00049121,-0.03077340,-0.00178510,-0.00020643,0.02607443,2000
2015-03-17,-0.00444797,0.00027832,-0.05230789,-0.00267102,-0.00031391,0.05080616,2000
2015-03-18,-0.00389058,0.00041311,-0.04547846,-0.00238468,-0.00010099,0.01244890,2000
2015-03-19,0.00189247,-0.00109303,-0.15681879,-0.00071619,-0.00141967,0.01872835,2000
2015-03-20,0.00716675,-0.00058676,-0.04706642,0.00276814,0.00063655,0.07949445,2000
2015-03-23,0.00371282,-0.00090390,-0.06851560,0.00002417,0.00041614,0.04420125,2000
2015-03-24,0.00360593,-0.00120694,0.01739159,-0.00093452,0.00031846,0.02016703,2000
2015-03-25,0.00173682,-0.00015377,-0.02226486,0.00143807,0.00076340,0.04220029,2000
2015-03-26,0.00574576,-0.00136946,0.21092058,0.00501270,0.00023078,0.06398523,2000
2015-03-27,-0.00447222,0.00118088,0.05525181,-0.00056624,-0.00056379,0.03253960,2000
2015-03-30,-0.00010184,0.00097347,0.09824157,0.00169659,0.00044072,0.01373588,2000
2015-03-31,-0.00292508,-0.00037634,0.01383919,-0.00169471,-0.00052299,0.03125662,2000
2015-04-01,0.00203234,-0.00079240,0.01967281,-0.00067252,0.00055663,0.00489087,2000
2015-04-02,0.00051754,-0.00012667,-0.02072671,-0.00032223,0.00007497,0.00328937,2000
2015-04-03,-0.00069080,-0.00118547,-0.00001426,0.00324092,0.00153288,1.00000000,4
2015-04-06,0.00607182,-0.00219914,0.00291132,0.00222116,0.00045739,0.08654984,2000
2015-04-07,0.00721053,-0.00190833,-0.03285416,-0.00331142,0.00071408,0.00418551,2000
2015-04-08,0.00247462,-0.00005052,0.03748642,0.00061761,0.00014704,0.00640496,2000
2015-04-09,-0.00023561,0.00009032,0.01032618,0.00074679,-0.00010182,0.00386670,2000
2015-04-10,0.00475711,-0.00076650,-0.07927808,0.00220986,0.00008702,0.05954239,2000
2015-04-13,0.00104770,-0.00040619,-0.01150651,0.00207903,0.00014189,0.02854860,2000
2015-04-14,0.00489015,-0.00113051,-0.07285840,0.00153201,0.00034139,0.06654303,2000
2015-04-15,0.00363075,-0.00015065,-0.22749875,0.00257897,0.00051119,0.32823850,2000
2015-04-16,0.00133632,-0.00057992,-0.04124545,-0.00048702,-0.00002090,0.02025056,2000
2015-04-17,-0.00300552,-0.00089352,-0.17041736,-0.00234348,-0.00035836,0.09134621,2000
2015-04-20,0.00108181,0.00058534,-0.06113684,0.00026020,0.00005069,0.02065468,2000
2015-04-21,0.00241523,0.00007480,0.02258233,0.00099813,-0.00003943,0.00601878,2000
2015-04-22,0.00228939,-0.00033075,-0.02104666,0.00069090,0.00021820,0.01417262,2000
2015-04-23,0.00143793,-0.00056890,-0.02542950,0.00068820,-0.00023849,0.00872327,2000
2015-04-24,0.00087106,-0.00016397,0.04431487,-0.00077926,0.00009701,0.00483030,2000
2015-04-27,0.00286479,-0.00009662,-0.04935875,0.00119763,0.00029621,0.02399158,2000
2015-04-28,0.00402920,-0.00131475,0.02509791,0.00097364,-0.00020125,0.01593896,2000
2015-04-29,-0.00285258,-0.00028240,-0.01718534,-0.00060080,-0.00053099,0.00948668,2000
2015-04-30,-0.00251099,-0.00032550,0.00415476,-0.00075870,-0.00000325,0.00103874,2000
2015-05-01,-0.00139804,0.00105197,-0.01673523,-0.00057076,0.00007932,0.01374639,2000
2015-05-04,0.00405956,-0.00065772,0.01218398,0.00121824,0.00011671,0.01126530,2000
2015-05-05,0.00447484,-0.00147537,-0.09055948,0.00287452,0.00044021,0.05138631,2000
2015-05-06,0.00477434,-0.00058629,0.01752569,0.00353557,0.00091256,0.06248419,2000
2015-05-07,-0.00248389,0.00015307,0.00921994,-0.00187885,0.00016279,0.00711822,2000
2015-05-08,0.00874642,-0.00017101,0.04898086,0.00299471,0.00073135,0.01341320,2000
2015-05-11,0.00077120,-0.00035978,0.00072916,0.00218331,-0.00013536,0.02132229,2000
2015-05-12,-0.00088831,-0.00084220,-0.02591394,0.00076526,0.00012904,0.01665368,2000
2015-05-13,0.00269778,-0.00023148,0.03406657,0.00198366,0.00026970,0.01060823,2000
2015-05-14,0.00370465,-0.00001028,0.00930161,0.00071008,0.00056690,0.01165609,2000
2015-05-15,-0.00036716,-0.00001279,0.03071523,-0.00163224,-0.00019762,0.00517568,2000
2015-05-18,0.00076086,-0.00066603,0.01281214,0.00067142,-0.00022303,0.01641960,2000
2015-05-19,-0.00671237,0.00149524,0.10596411,-0.00247454,-0.00049427,0.10677944,2000
2015-05-20,0.00312658,-0.00056416,0.01000256,0.00185935,0.00008656,0.01729165,2000
2015-05-21,0.00112403,-0.00030384,0.01459495,0.00079642,-0.00008206,0.00437982,2000
2015-05-22,-0.00227623,0.00026664,-0.05350461,-0.00136582,-0.00042782,0.05525536,2000
2015-05-25,-0.04803198,0.00723731,-0.00011244,0.01277355,0.01034418,1.00000000,4
2015-05-26,-0.00507088,0.00051327,0.01354432,-0.00233414,-0.00062452,0.04867429,2000
2015-05-27,0.00026540,-0.00000732,-0.02794139,-0.00006155,-0.00024436,0.00033033,2000
2015-05-28,-0.00388492,0.00026575,-0.02709658,-0.00176168,0.00024943,0.01819545,2000
2015-05-29,0.00075795,-0.00039823,-0.04298620,0.00047653,-0.00013981,0.00920628,2000
2015-06-01,0.00244023,0.00002426,-0.06926644,0.00083179,-0.00022598,0.02636485,2000
2015-06-02,0.00132779,-0.00092014,-0.05581310,0.00058886,0.00052366,0.04693091,2000
2015-06-03,-0.00124491,0.00065769,-0.02889352,-0.00026292,-0.00000129,0.01956103,2000
2015-06-04,-0.00333570,-0.00020903,-0.01708290,-0.00155711,-0.00074258,0.05887652,2000
2015-06-05,-0.00577637,0.00079108,-0.00480196,0.00005617,-0.00025841,0.01016363,2000
2015-06-08,0.00003277,-0.00021434,-0.04777173,0.00010803,0.00009944,0.01381065,2000
2015-06-09,0.00079078,-0.00032827,-0.05861168,0.00335754,0.00075924,0.07459423,2000
2015-06-10,0.00789864,-0.00087512,-0.02722045,0.00455853,0.00101441,0.13813853,2000
2015-06-11,-0.00234760,0.00086018,0.00638947,0.00022994,-0.00003817,0.00220621,2000
2015-06-12,-0.00372375,0.00017356,0.00240825,-0.00043932,-0.00056213,0.02545036,2000
2015-06-15,-0.00109575,-0.00144676,-0.01757656,-0.00219260,-0.00070445,0.01385179,2000
2015-06-16,-0.00269009,0.00036083,-0.02403728,-0.00019491,0.00013876,0.00534841,2000
2015-06-17,0.00018140,0.00040009,0.02313243,0.00235926,0.00030739,0.03021816,2000
2015-06-18,0.00996922,-0.00236522,0.01342825,0.00172073,-0.00067013,0.00498422,2000
2015-06-19,-0.00111150,0.00011081,0.04737241,0.00078637,-0.00076456,0.03896695,2000
2015-06-22,0.00105627,0.00100318,-0.07577725,0.00060203,0.00061305,0.04677699,2000
2015-06-23,0.00457893,-0.00097799,0.03743144,-0.00203581,0.00021532,0.00168753,2000
2015-06-24,-0.00095183,-0.00000216,-0.00967414,-0.00049828,-0.00024965,0.00896279,2000
2015-06-25,0.00031232,0.00030283,-0.01272520,0.00082672,-0.00036970,0.00131163,2000
2015-06-26,-0.00312727,0.00093211,0.02001783,0.00005377,0.00015051,0.01795704,2000
2015-06-29,0.00079422,-0.00240067,0.16796454,0.00429605,-0.00153814,0.00710117,2000
2015-06-30,0.00307578,0.00100759,-0.04778944,0.00138482,0.00041968,0.04098670,2000
2015-07-01,0.00798586,-0.00133146,0.07183375,0.00209134,0.00063198,0.00236572,2000
2015-07-02,0.00154027,0.00009859,-0.02592211,0.00052790,-0.00011559,0.00075953,2000
2015-07-03,0.00055484,0.00032276,-0.00003114,-0.00132851,-0.00062450,1.00000000,4
2015-07-06,-0.01034430,0.00044471,-0.06799186,-0.00458964,-0.00120604,0.06513891,2000
2015-07-07,-0.00616871,0.00135137,0.06770944,-0.00312191,-0.00002947,0.07207547,2000
2015-07-08,-0.00931580,0.00021120,0.05295615,-0.00425104,-0.00044007,0.04464476,2000
2015-07-09,0.01264795,-0.00032381,0.00387572,0.00851238,0.00107420,0.12035652,2000
2015-07-10,0.00885243,0.00018925,0.01418503,0.00226443,0.00087518,0.02810930,2000
2015-07-13,-0.00247510,0.00198320,0.03461566,0.00113953,0.00064927,0.07804992,2000
2015-07-14,-0.00183530,0.00031474,-0.02784246,-0.00050272,-0.00056878,0.00389867,2000
2015-07-15,-0.00254632,0.00043789,-0.04421074,-0.00169756,-0.00007189,0.03415754,2000
2015-07-16,0.00301420,0.00031828,-0.00826190,0.00151461,0.00031392,0.01033214,2000
2015-07-17,-0.00069366,0.00016173,0.02768713,0.00096415,-0.00040464,0.01461545,2000
2015-07-20,-0.00052902,0.00043001,0.12277615,0.00186459,-0.00028508,0.02471195,2000
2015-07-21,0.00200869,-0.00079511,-0.02898437,0.00015339,0.00047891,0.02132205,2000
2015-07-22,-0.00829521,0.00140722,-0.04667124,-0.00287101,-0.00032913,0.08908291,2000
2015-07-23,0.00102464,0.00025343,-0.01620779,0.00233336,0.00023200,0.01625984,2000
2015-07-24,-0.00533781,0.00130113,0.01226338,-0.00068676,-0.00018532,0.02682946,2000
2015-07-27,-0.00682066,0.00028610,0.04232487,-0.00521804,-0.00123446,0.02520554,2000
2015-07-28,0.00278830,0.00013424,-0.01943558,0.00141760,0.00100127,0.03705350,2000
2015-07-29,0.00133446,-0.00032372,-0.03420486,-0.00145391,-0.00022137,0.00767955,2000
2015-07-30,-0.00034576,-0.00052447,-0.03630661,-0.00089317,-0.00015840,0.00454161,2000
2015-07-31,0.00376764,-0.00015850,-0.03071940,-0.00144767,0.00015237,0.00502263,2000
2015-08-03,0.00574518,-0.00181590,0.01193694,-0.00377727,-0.00042999,0.00290277,2000
2015-08-04,0.00258248,-0.00064277,-0.01072295,0.00265828,0.00052490,0.01866866,2000
2015-08-05,0.00125574,0.00093039,-0.04424585,0.00319418,0.00080910,0.02883415,2000
2015-08-06,0.00081567,-0.00018555,0.05855216,0.00031196,-0.00001448,0.00658269,2000
2015-08-07,-0.00583654,0.00059500,-0.02378830,-0.00206333,0.00007117,0.01067798,2000
2015-08-10,0.00267576,0.00055882,-0.01786483,0.00195552,0.00029844,0.02721638,2000
2015-08-11,-0.00728538,0.00000453,-0.10188571,-0.00251076,-0.00080480,0.07675891,2000
2015-08-12,-0.00315438,-0.00096800,0.05477615,0.00087332,-0.00009087,0.02303027,2000
2015-08-13,-0.00743341,0.00182646,-0.11586785,-0.00106936,-0.00047849,0.12473178,2000
2015-08-14,-0.00027128,-0.00020309,-0.06101283,0.00041075,0.00044604,0.04541508,2000
2015-08-17,-0.00187149,-0.00025855,-0.06574804,0.00018702,-0.00027164,0.03083118,2000
2015-08-18,-0.00410244,0.00057475,0.00638547,-0.00060604,-0.00027097,0.00773666,2000
2015-08-19,-0.00396193,-0.00033590,-0.05474368,-0.00077163,-0.00025433,0.02312990,2000
2015-08-20,-0.00306292,-0.00118838,0.04991895,0.00026466,0.00051626,0.02019445,2000
2015-08-21,-0.00900188,-0.00063805,-0.01153977,-0.00579418,0.00053999,0.07770797,2000
2015-08-24,-0.03966648,-0.00188310,0.10806751,-0.01376807,-0.00386533,0.13313465,2000
2015-08-25,0.03231260,-0.00201623,0.01951254,0.01002211,0.00238119,0.20428059,2000
2015-08-26,0.00722693,0.00229910,-0.06339741,0.00305419,0.00127163,0.11698784,2000
2015-08-27,0.01358585,-0.00082082,0.03282993,0.00884771,0.00059530,0.04561745,2000
2015-08-28,-0.00085530,-0.00034544,-0.09328924,0.00092467,-0.00007414,0.05387581,2000
2015-08-31,-0.00704203,0.00099259,-0.05819765,-0.00125191,-0.00121455,0.11187474,2000
2015-09-01,-0.00604542,-0.00305198,-0.09949591,-0.00604670,-0.00236248,0.02982236,2000
2015-09-02,0.00662221,0.00074505,-0.06771512,0.00307753,0.00101933,0.10316029,2000
2015-09-03,-0.00120532,0.00114308,-0.01065007,0.00109102,-0.00001990,0.01392702,2000
2015-09-04,-0.00947220,-0.00049812,-0.05723801,-0.00325330,-0.00103002,0.04873488,2000
2015-09-07,0.00059259,-0.00007153,-0.00000082,0.00013617,0.00031524,1.00000000,4
2015-09-08,0.00927384,0.00112454,-0.12298326,0.00326097,0.00115601,0.07847092,2000
2015-09-09,0.00488701,0.00063924,-0.02063161,0.00178186,0.00053816,0.02172593,2000
2015-09-10,-0.00144885,0.00004070,-0.01125358,0.00003251,-0.00027946,0.00257487,2000
2015-09-11,-0.00715765,0.00061105,-0.02596705,-0.00366606,-0.00002749,0.06316171,2000
2015-09-14,-0.00337355,0.00084632,-0.00390531,-0.00112952,-0.00018216,0.02536630,2000
2015-09-15,-0.00313593,0.00134226,-0.02235087,0.00012094,0.00013268,0.03600410,2000
2015-09-16,0.00711819,-0.00142996,-0.03311060,0.00338320,0.00050756,0.10004426,2000
2015-09-17,-0.00390379,0.00079311,-0.03510588,-0.00058529,-0.00023159,0.02259898,2000
2015-09-18,-0.00894607,-0.00077679,0.09804673,-0.00323765,-0.00061686,0.07095382,2000
2015-09-21,0.00189068,0.00082656,-0.07339531,0.00281753,-0.00029146,0.07764261,2000
2015-09-22,-0.01250676,0.00003785,-0.02849365,-0.00530155,-0.00032372,0.00517529,2000
2015-09-23,0.00260351,-0.00035381,-0.06764705,0.00152829,0.00007688,0.06712216,2000
2015-09-24,-0.00422278,-0.00063490,0.01848852,-0.00150445,-0.00050470,0.02903889,2000
2015-09-25,0.00319624,0.00097108,-0.01981691,0.00059860,0.00073631,0.02205738,2000
2015-09-28,-0.00672697,0.00000388,-0.09302152,-0.00427918,-0.00183041,0.01451328,2000
2015-09-29,0.00306069,-0.00069021,0.00457714,0.00211346,0.00066013,0.04572113,2000
2015-09-30,0.00620905,0.00085975,0.03261080,0.00260747,0.00086867,0.03053995,2000
2015-10-01,0.01262526,-0.00278598,-0.07860377,0.00490103,0.00026915,0.00869478,2000
2015-10-02,-0.00175462,-0.00203271,-0.08157334,-0.00300963,-0.00064677,0.09405599,2000
2015-10-05,0.00818335,-0.00055433,0.01800901,0.00349531,0.00049506,0.09991782,2000
2015-10-06,0.00352039,-0.00128922,0.00997716,0.00134922,0.00038712,0.04431593,2000
2015-10-07,0.00884378,-0.00110245,0.06905448,0.00378361,0.00088125,0.11377336,2000
2015-10-08,-0.00195623,0.00014259,-0.02631888,0.00008667,-0.00056009,0.01073838,2000
2015-10-09,0.00888693,-0.00210924,0.01520163,0.00361307,0.00057197,0.13046387,2000
2015-10-12,0.00313677,-0.00071361,0.00984255,0.00096969,-0.00003955,0.02035794,2000
2015-10-13,-0.00860996,0.00087792,-0.00249601,-0.00203072,-0.00060107,0.05188255,2000
2015-10-14,0.00154889,-0.00045388,-0.04156244,0.00012515,0.00057812,0.02800276,2000
2015-10-15,0.00160563,-0.00003321,-0.09543322,-0.00400771,0.00015984,0.08436080,2000
2015-10-16,0.00368726,-0.00062312,-0.00619956,0.00062006,-0.00014341,0.00085019,2000
2015-10-19,-0.00504366,0.00044655,0.03256266,-0.00298929,-0.00079447,0.03316070,2000
2015-10-20,0.00029726,-0.00038983,0.01523519,0.00028388,-0.00004184,0.00259119,2000
2015-10-21,-0.00317850,0.00132795,-0.03391321,-0.00155166,-0.00010617,0.03591982,2000
2015-10-22,0.00799009,-0.00107001,0.01664115,0.00070720,0.00002056,0.00518572,2000
2015-10-23,0.00147096,0.00082795,-0.02056252,-0.00045539,0.00001987,0.00199203,2000
2015-10-26,-0.00029201,-0.00006256,0.01157241,-0.00031387,-0.00017511,0.00163465,2000
2015-10-27,-0.00803355,0.00080102,-0.00250188,-0.00500336,-0.00052979,0.03605852,2000
2015-10-28,0.00232014,-0.00009397,-0.06885820,0.00172647,0.00005422,0.02460678,2000
2015-10-29,-0.00627673,0.00066660,-0.02589515,0.00005371,-0.00032655,0.00300079,2000
2015-10-30,0.00279326,-0.00064260,0.02363872,0.00036806,0.00042130,0.00574895,2000
2015-11-02,-0.00099549,0.00035889,-0.01917532,-0.00173991,-0.00027052,0.00383831,2000
2015-11-03,-0.00055955,-0.00050484,0.03261769,0.00120705,-0.00058097,0.00525329,2000
2015-11-04,0.00190928,-0.00013901,-0.07587889,0.00107972,0.00035652,0.01042637,2000
2015-11-05,-0.00283196,0.00054099,-0.01270838,-0.00178328,-0.00012542,0.00714493,2000
2015-11-06,-0.01136038,0.00185548,0.03161367,-0.00105131,-0.00001950,0.01973776,2000
2015-11-09,-0.00246466,-0.00001596,-0.02339451,0.00133225,-0.00003365,0.01051266,2000
2015-11-10,-0.00540268,0.00072322,0.02375754,-0.00141021,-0.00034267,0.01610564,2000
2015-11-11,0.00414009,-0.00053000,-0.03554866,-0.00003139,0.00012274,0.00717214,2000
2015-11-12,-0.01101971,0.00120405,0.02474291,-0.00333456,-0.00093842,0.08353116,2000
2015-11-13,-0.00400111,-0.00011999,-0.06868286,-0.00260739,-0.00012712,0.01823797,2000
2015-11-16,-0.00091877,-0.00008527,-0.00783736,0.00005900,-0.00010842,0.00124376,2000
2015-11-17,-0.00150478,0.00080137,-0.08114695,-0.00014990,0.00007532,0.03007458,2000
2015-11-18,0.00468119,-0.00073915,-0.06514534,0.00210754,0.00079404,0.11166256,2000
2015-11-19,0.00023990,-0.00022797,-0.04110323,-0.00350199,0.00032298,0.05091200,2000
2015-11-20,0.00182963,0.00051278,0.01502281,0.00152099,0.00012028,0.00383451,2000
2015-11-23,-0.00229282,0.00041494,-0.04061343,-0.00016381,-0.00012243,0.01093760,2000
2015-11-24,0.01478160,-0.00505456,-0.15013846,0.00542182,-0.00041991,0.01832967,2000
2015-11-25,-0.00664633,0.00185209,-0.04402661,-0.00196399,-0.00051268,0.11652973,2000
2015-11-26,0.00072508,-0.00054888,0.00000109,-0.00004055,0.00016623,1.00000000,3
2015-11-27,-0.00435568,0.00092846,-0.05094965,-0.00280262,-0.00028483,0.08855832,2000
2015-11-30,0.00197254,-0.00016427,0.00196267,0.00164999,-0.00055774,0.00362071,2000
2015-12-01,0.00252746,-0.00008918,-0.04660731,-0.00182140,0.00071763,0.01164441,2000
2015-12-02,-0.00471217,0.00086335,-0.09044775,-0.00203909,-0.00034436,0.15453901,2000
2015-12-03,0.00511821,-0.00069752,0.03628347,0.00197575,0.00083629,0.05416897,2000
2015-12-04,-0.00421067,0.00103501,0.00588098,-0.00299560,0.00021927,0.04479502,2000
2015-12-07,-0.00624431,0.00013975,0.14852386,-0.00429856,-0.00076798,0.19613555,2000
2015-12-08,-0.01268999,0.00068265,0.03089772,-0.00592801,-0.00070733,0.04302936,2000
2015-12-09,0.00486750,-0.00176332,-0.01369956,0.00292377,0.00039601,0.07085515,2000
2015-12-10,-0.00333727,0.00076650,-0.03353774,-0.00159155,-0.00007559,0.02371892,2000
2015-12-11,-0.01206891,-0.00017065,-0.07029235,-0.00585993,0.00017394,0.13064894,2000
2015-12-14,-0.00240285,0.00029672,0.01647854,-0.00260285,-0.00005002,0.01034656,2000
2015-12-15,0.00646991,-0.00004551,-0.02896923,0.00341186,0.00109594,0.07554141,2000
2015-12-16,0.00201438,0.00078978,-0.04410049,-0.00056498,0.00029340,0.01961015,2000
2015-12-17,-0.00306016,0.00085959,0.01416513,-0.00132927,-0.00023531,0.00634128,2000
2015-12-18,0.00033254,-0.00115911,-0.04993630,0.00003084,-0.00017414,0.04398777,2000
2015-12-21,0.00795780,-0.00083729,-0.06186777,-0.00009151,0.00041171,0.03058395,2000
2015-12-22,-0.00038406,0.00069249,-0.02876231,0.00009937,0.00047393,0.01989067,2000
2015-12-23,0.00916237,-0.00099884,0.03277033,0.00553864,0.00127876,0.20507350,2000
2015-12-24,0.00316338,-0.00124520,0.05272425,0.00001648,-0.00071198,0.01943040,2000
2015-12-25,0.00387413,-0.00258749,0.00000000,-0.00016228,0.00073623,1.00000000,3
2015-12-28,-0.00777434,0.00086410,0.04380619,-0.00562916,-0.00045214,0.18010651,2000
2015-12-29,0.00183289,0.00062557,-0.08860468,0.00520912,0.00126972,0.14371070,2000
2015-12-30,-0.01027899,0.00187226,0.07194003,-0.00625729,-0.00100202,0.33794783,2000
2015-12-31,-0.00166634,-0.00036609,-0.03355416,-0.00197371,-0.00059613,0.08003113,2000
2016-01-01,0.00000000,0.00000000,0.00000000,0.00000000,0.00000000,1.00000000,3
2016-01-04,-0.00847334,-0.00136698,0.03558044,-0.00079966,-0.00078750,0.01367593,2000
2016-01-05,0.00155514,0.00006536,-0.02328148,-0.00004182,-0.00021027,0.00790604,2000
2016-01-06,-0.00952129,-0.00105206,0.02081438,-0.00737483,-0.00167058,0.19785268,2000
2016-01-07,-0.01348543,-0.00076823,0.05416211,-0.00678336,-0.00133836,0.16015102,2000
2016-01-08,0.00321675,0.00015865,-0.09448502,0.00162204,0.00094033,0.03448489,2000
2016-01-11,0.00358648,-0.00048982,-0.09317057,-0.00146150,0.00065098,0.06648507,2000
2016-01-12,0.00416815,0.00100047,-0.06270394,0.00439806,0.00083238,0.12158780,2000
2016-01-13,0.00166089,0.00018404,-0.03589314,0.00180950,0.00109159,0.07279625,2000
2016-01-14,0.00004011,0.00042994,-0.02663767,0.00152480,0.00014763,0.01136970,2000
2016-01-15,-0.02465220,0.00041895,-0.21823175,-0.01323871,-0.00214852,0.36627156,2000
2016-01-18,0.07017165,-0.01553887,0.03169990,0.33943770,0.07207893,1.00000000,4
2016-01-19,0.00605196,0.00073675,-0.03763264,0.00325022,0.00093794,0.05265082,2000
2016-01-20,-0.01642527,0.00041721,0.02020661,-0.00879365,-0.00136461,0.19032663,2000
2016-01-21,-0.00184180,0.00091081,-0.04896657,-0.00063548,0.00010988,0.02789329,2000
2016-01-22,0.01728609,-0.00038664,0.14703951,0.01245600,0.00108192,0.38844650,2000
2016-01-25,-0.00565243,-0.00000018,0.00912279,-0.00787819,-0.00065334,0.06949023,2000
2016-01-26,0.00973299,-0.00169634,-0.09517658,0.00616436,0.00113931,0.24539759,2000
2016-01-27,-0.00167994,-0.00006797,-0.07735798,-0.00229001,-0.00072805,0.06778934,2000
2016-01-28,0.01961274,-0.00240222,0.11508485,0.01457202,0.00037286,0.22656525,2000
2016-01-29,0.00608874,-0.00033665,-0.04630333,0.00137849,0.00027782,0.02569971,2000
2016-02-01,-0.00601699,0.00032095,-0.10121565,-0.00487470,-0.00052705,0.08794349,2000
2016-02-02,-0.01582520,0.00141250,-0.01889263,-0.00799894,-0.00113436,0.14189458,2000
2016-02-03,0.01472397,-0.00223191,-0.11621413,0.00525549,0.00031346,0.02101923,2000
2016-02-04,0.00739545,-0.00238213,0.04053353,0.00280960,-0.00008907,0.04700626,2000
2016-02-05,-0.00386231,-0.00021766,0.00100136,-0.00606161,-0.00039993,0.03425275,2000
2016-02-08,-0.00934293,-0.00033972,0.08252558,-0.00739735,-0.00132107,0.16710118,2000
2016-02-09,-0.01447473,0.00070862,0.00387996,-0.00485499,-0.00057767,0.06492666,2000
2016-02-10,0.00500802,-0.00042259,0.01887170,0.00188698,-0.00043232,0.00210364,2000
2016-02-11,-0.00876114,-0.00215901,0.04804034,-0.00630318,-0.00043691,0.03366867,2000
2016-02-12,0.01136082,-0.00044461,-0.06001804,0.00847815,0.00035786,0.10462533,2000
2016-02-15,-0.01858682,0.00306379,-0.00181948,0.04553099,0.00587993,1.00000000,4
2016-02-16,0.01441629,-0.00055296,-0.06803680,0.00873756,-0.00015366,0.08781748,2000
2016-02-17,0.01008119,-0.00085602,0.00097125,0.00359125,0.00087736,0.03642660,2000
2016-02-18,0.00617689,-0.00106847,0.00622081,0.00462249,-0.00025375,0.04738511,2000
2016-02-19,-0.00651986,0.00052614,0.01228853,-0.00404168,-0.00086511,0.08675869,2000
2016-02-22,0.01424708,-0.00120702,-0.05870377,0.00850220,-0.00033511,0.15337514,2000
2016-02-23,-0.00386088,0.00015572,-0.04040274,-0.00127820,-0.00038621,0.01384288,2000
2016-02-24,-0.00947264,-0.00002419,0.09150815,-0.00534698,-0.00082001,0.10473458,2000
2016-02-25,0.00169836,0.00030343,-0.07495630,-0.00145174,0.00026007,0.01112235,2000
2016-02-26,0.01121780,-0.00159947,-0.03544057,0.00733005,0.00041042,0.06737646,2000
2016-02-29,0.00728910,-0.00196979,-0.04537382,0.00192040,0.00019958,0.03347659,2000
2016-03-01,0.00646003,0.00006795,0.01414638,0.00100745,0.00075640,0.00644273,2000
2016-03-02,0.00028555,-0.00045605,-0.05858067,-0.00096950,-0.00017236,0.03366778,2000
2016-03-03,0.00665112,-0.00185314,-0.07600772,0.00109261,0.00001710,0.03886873,2000
2016-03-04,0.00886418,-0.00249293,0.10693500,0.00244975,0.00048863,0.03235431,2000
2016-03-07,0.00981425,-0.00361700,-0.00728945,0.00557317,-0.00062180,0.14213698,2000
2016-03-08,0.00182658,-0.00174238,-0.08388483,-0.00209995,-0.00075113,0.06391784,2000
2016-03-09,0.00395120,-0.00036245,-0.15564792,0.00269361,0.00035940,0.20755708,2000
2016-03-10,0.00162967,0.00027873,0.00418771,-0.00208475,0.00012871,0.01279815,2000
2016-03-11,0.00960368,-0.00056334,-0.07424605,0.00536803,0.00156056,0.18585557,2000
2016-03-14,-0.00500578,0.00056399,-0.05045570,-0.00498037,-0.00101951,0.09485324,2000
2016-03-15,-0.01104402,0.00120969,-0.02863270,-0.00536851,-0.00163274,0.16901356,2000
2016-03-16,-0.00128397,-0.00042620,0.03793521,0.00283732,0.00014445,0.01174222,2000
2016-03-17,0.00672685,-0.00200503,0.09900086,0.00245454,0.00087075,0.12542030,2000
2016-03-18,0.00742711,-0.00108293,0.00602946,0.00483870,0.00023507,0.18636323,2000
2016-03-21,-0.00072423,-0.00026011,-0.09285137,-0.00191257,-0.00041330,0.07576047,2000
2016-03-22,-0.00521154,-0.00008454,-0.01389513,-0.00339498,-0.00037679,0.07656195,2000
2016-03-23,-0.00892414,0.00173623,0.00546302,-0.00454583,-0.00067650,0.20417736,2000
2016-03-24,-0.00647534,0.00043253,0.10107183,-0.00410497,-0.00107665,0.21835651,2000
2016-03-25,0.00274439,-0.00195483,0.00000000,-0.00007126,0.00038053,1.00000000,3
2016-03-28,0.00473836,-0.00060934,-0.04055049,0.00149309,0.00011070,0.02437788,2000
2016-03-29,-0.00679533,0.00082057,0.04497832,-0.00558338,-0.00065983,0.17537259,2000
2016-03-30,0.00705454,-0.00037428,-0.04207199,0.00429271,0.00073381,0.13303244,2000
2016-03-31,0.00042248,-0.00028044,-0.02271302,-0.00082269,-0.00013838,0.00962914,2000
2016-04-01,-0.01129335,0.00083942,-0.05108151,-0.00653327,-0.00116155,0.29402807,2000
2016-04-04,-0.00163640,0.00046128,-0.02651338,-0.00055069,-0.00013195,0.01233986,2000
2016-04-05,-0.00632491,-0.00024456,-0.03207224,-0.00191352,-0.00061315,0.03118350,2000
2016-04-06,0.00266641,-0.00039847,-0.02048390,0.00276550,-0.00023178,0.04688179,2000
2016-04-07,-0.00376084,-0.00052015,0.02351756,-0.00127975,-0.00005828,0.00827482,2000
2016-04-08,0.01631373,-0.00227450,-0.01514697,0.00648276,0.00063474,0.08570770,2000
2016-04-11,0.01024434,-0.00158337,0.06071119,0.00331553,0.00062091,0.12709820,2000
2016-04-12,0.00476126,-0.00083219,0.02896400,0.00154584,0.00070272,0.06293914,2000
2016-04-13,0.00388356,0.00025228,-0.01641577,0.00159078,0.00076814,0.02787105,2000
2016-04-14,0.00099858,-0.00019500,-0.02774567,0.00160988,0.00007677,0.01825975,2000
2016-04-15,-0.00481136,0.00072286,0.02635786,-0.00405833,0.00018316,0.13066049,2000
2016-04-18,-0.01069503,0.00162114,-0.03044487,-0.01018530,-0.00122205,0.26151288,2000
2016-04-19,0.00832543,-0.00140483,0.02596788,0.00345841,0.00100623,0.15152818,2000
2016-04-20,-0.00084754,0.00003436,-0.03966441,-0.00085927,0.00019554,0.01647394,2000
2016-04-21,0.00723506,-0.00195834,0.00486024,0.00350244,0.00071663,0.04380208,2000
2016-04-22,0.00222167,-0.00052978,-0.02853456,0.00186462,0.00012443,0.02579270,2000
2016-04-25,-0.00061528,-0.00055546,0.02616302,0.00009491,-0.00046785,0.01921829,2000
2016-04-26,0.00594659,-0.00077749,-0.11098151,0.00221868,0.00012163,0.06606983,2000
2016-04-27,0.00240158,-0.00055949,-0.02696044,0.00421874,-0.00021117,0.01524338,2000
2016-04-28,-0.00111401,-0.00119010,0.02967928,0.00039728,-0.00057712,0.00917071,2000
2016-04-29,0.00818116,-0.00242029,0.02038028,0.00497277,0.00014653,0.07830793,2000
2016-05-02,0.00104531,0.00031845,0.01629733,-0.00034342,-0.00022682,0.00658656,2000
2016-05-03,-0.01127717,0.00098768,0.02176807,-0.00686765,-0.00095520,0.07271354,2000
2016-05-04,-0.00520025,0.00017530,-0.03448738,0.00067266,-0.00066491,0.00576199,2000
2016-05-05,0.01049280,-0.00196659,-0.10778081,0.00776498,0.00034825,0.11672697,2000
2016-05-06,-0.00055943,-0.00083367,0.03084780,-0.00253695,-0.00026152,0.01685483,2000
2016-05-09,0.00044405,-0.00041660,-0.07332264,-0.00636767,0.00032466,0.00804321,2000
2016-05-10,0.00328987,-0.00000702,-0.05598625,0.00187143,0.00025176,0.03310386,2000
2016-05-11,-0.00112694,-0.00041762,0.00833658,-0.00025659,-0.00003180,0.00177407,2000
2016-05-12,0.00694511,-0.00066133,0.04268611,0.00594570,0.00038185,0.08464626,2000
2016-05-13,-0.00543285,0.00074637,-0.01465020,-0.00256037,-0.00053435,0.03624899,2000
2016-05-16,0.00919009,-0.00168711,0.01628803,0.00653226,0.00047940,0.24073859,2000
2016-05-17,-0.00187576,0.00010763,-0.03220326,0.00006025,-0.00008627,0.00433776,2000
2016-05-18,-0.00447479,0.00037130,-0.00744169,-0.00297957,-0.00038778,0.05352547,2000
2016-05-19,-0.00941425,0.00107778,0.09074504,-0.00399609,-0.00062752,0.13757927,2000
2016-05-20,0.00569835,-0.00059027,-0.05716592,0.00186403,0.00027841,0.01099263,2000
2016-05-23,-0.00230229,0.00030646,0.05871620,-0.00362131,-0.00065974,0.08525717,2000
2016-05-24,0.00722579,-0.00083364,-0.16607894,0.00162415,0.00033822,0.05076992,2000
2016-05-25,0.00616685,-0.00095889,0.04016007,0.00139226,0.00064733,0.01969483,2000
2016-05-26,0.00515532,-0.00094130,0.09004077,0.00301315,0.00044509,0.08019436,2000
2016-05-27,-0.00085497,0.00014154,0.02399295,-0.00084027,-0.00011386,0.00968076,2000
2016-05-30,-0.02902732,0.00290347,0.00003570,-0.00058022,0.01183898,1.00000000,3
2016-05-31,0.00345324,-0.00031218,-0.06807933,0.00250821,-0.00007069,0.02398808,2000
2016-06-01,0.00718106,-0.00317647,-0.24808603,0.00178579,-0.00034926,0.01001164,2000
2016-06-02,-0.00461898,0.00047237,-0.07136990,-0.00332751,-0.00018955,0.08803205,2000
2016-06-03,0.00827423,-0.00226937,-0.02139740,0.00220498,0.00038331,0.07693699,2000
2016-06-06,0.00461188,-0.00071937,-0.00617242,0.00367086,0.00045456,0.11004539,2000
2016-06-07,0.00188775,-0.00035147,0.07376381,-0.00110930,-0.00027284,0.02635369,2000
2016-06-08,0.00982026,-0.00224027,0.04583420,0.00538826,0.00083133,0.12928037,2000
2016-06-09,-0.00700916,0.00043259,0.03905706,-0.00435027,-0.00052286,0.10445691,2000
2016-06-10,-0.01037904,0.00053067,0.01229730,-0.00475418,-0.00111859,0.15848194,2000
2016-06-13,-0.00439644,-0.00000588,0.02480905,-0.00012399,-0.00030041,0.00331084,2000
2016-06-14,-0.00286392,-0.00008750,-0.04948977,-0.00042653,-0.00031091,0.01369691,2000
2016-06-15,0.00084978,0.00024508,-0.07432367,-0.00112490,0.00023309,0.03409182,2000
2016-06-16,-0.00591331,-0.00005423,0.12302462,-0.00348138,-0.00033668,0.05720750,2000
2016-06-17,0.00825973,-0.00165582,-0.09143601,0.00434417,0.00073701,0.25264059,2000
2016-06-20,0.01317394,-0.00047793,0.07553818,0.00368768,0.00067679,0.07512141,2000
2016-06-21,-0.00011968,0.00028529,-0.06173152,-0.00303477,-0.00003765,0.07359157,2000
2016-06-22,0.00475629,-0.00080722,-0.01461937,0.00233194,0.00023516,0.06854575,2000
2016-06-23,0.01045224,-0.00040984,-0.11599226,0.00349063,0.00055846,0.13162578,2000
2016-06-24,-0.03631157,0.00040932,-0.18892801,-0.00891412,-0.00199147,0.07561328,2000
2016-06-27,-0.00952810,0.00013920,0.08286249,-0.00371210,-0.00072040,0.05346774,2000
2016-06-28,0.01095573,-0.00070718,-0.16361349,0.00552823,0.00104220,0.25609642,2000
2016-06-29,0.01337700,-0.00096138,-0.04095271,0.00605375,0.00072486,0.16178885,2000
2016-06-30,0.00146246,0.00020879,-0.00082404,-0.00048868,0.00003440,0.00176725,2000
2016-07-01,0.00439986,-0.00078249,-0.08856829,0.00041574,0.00042172,0.00627097,2000
2016-07-04,0.01005284,-0.00651632,-0.00101338,-0.02071103,0.00115511,1.00000000,4
2016-07-05,-0.00620796,0.00021367,-0.07086310,-0.00448819,-0.00115214,0.07784094,2000
2016-07-06,-0.00636012,0.00063534,0.03329647,-0.00237540,-0.00040299,0.06646960,2000
2016-07-07,0.00370806,-0.00042102,0.00282637,0.00450716,0.00014508,0.08459610,2000
2016-07-08,0.01089816,-0.00081239,-0.00076423,0.00589566,0.00092825,0.19078242,2000
2016-07-11,0.00765584,-0.00077647,-0.06166063,0.00448557,0.00011225,0.10968499,2000
2016-07-12,0.01289453,-0.00167897,-0.11906424,0.00834872,0.00074526,0.23396281,2000
2016-07-13,0.00112631,0.00037128,-0.05559463,0.00299461,0.00025802,0.04220947,2000
2016-07-14,0.00398628,0.00020969,-0.13086260,0.00292602,0.00068700,0.13186876,2000
2016-07-15,0.00111079,0.00054040,-0.04605844,0.00257999,-0.00025811,0.03539054,2000
2016-07-18,-0.00142813,0.00028616,-0.00615257,-0.00234193,-0.00018367,0.04061242,2000
2016-07-19,-0.00021296,-0.00042738,-0.08281625,-0.00126219,-0.00063556,0.07832535,2000
2016-07-20,-0.00208170,0.00093457,0.06811561,-0.00230824,-0.00032186,0.07678084,2000
2016-07-21,0.00293905,-0.00093773,-0.03226893,0.00034537,0.00029865,0.01429153,2000
2016-07-22,0.00030436,-0.00007231,-0.01478215,-0.00018001,-0.00000448,0.00067856,2000
2016-07-25,-0.00200509,0.00005249,0.01614912,-0.00349380,-0.00029622,0.07089362,2000
2016-07-26,0.00187287,-0.00047059,0.01082445,-0.00173651,-0.00008909,0.00844072,2000
2016-07-27,0.00417822,-0.00100030,0.06605041,0.00105431,0.00021160,0.02531015,2000
2016-07-28,-0.00240450,0.00018853,-0.09603145,-0.00054933,-0.00028947,0.01595568,2000
2016-07-29,0.00427475,-0.00154664,-0.03156177,-0.00237798,0.00001154,0.02101961,2000
2016-08-01,-0.00136026,0.00018803,-0.05203006,-0.00103820,-0.00041093,0.04333100,2000
2016-08-02,0.00135731,-0.00028343,-0.06773182,0.00335590,-0.00001645,0.03866797,2000
2016-08-03,0.00028967,-0.00044188,0.00664132,-0.00208622,0.00004587,0.00464922,2000
2016-08-04,0.00320392,-0.00072709,-0.04797344,-0.00085869,-0.00018966,0.00785214,2000
2016-08-05,0.00420613,-0.00020715,-0.01814349,0.00181225,-0.00005824,0.00866090,2000
2016-08-08,0.00485007,-0.00085199,-0.01771248,0.00327405,0.00041908,0.08114420,2000
2016-08-09,0.00408325,-0.00108822,-0.02165836,0.00113278,0.00015604,0.00843109,2000
2016-08-10,0.00421143,-0.00085553,0.02553148,0.00114759,0.00057139,0.01478990,2000
2016-08-11,0.00016590,0.00051240,-0.04834630,0.00238561,0.00089521,0.01783146,2000
2016-08-12,0.00284021,-0.00085650,-0.03074858,0.00115515,0.00017012,0.02187587,2000
2016-08-15,0.00479769,-0.00074472,0.02266551,0.00253984,0.00052103,0.07540762,2000
2016-08-16,0.00136542,-0.00078356,-0.01623334,0.00080624,0.00022097,0.02390079,2000
2016-08-17,-0.00256851,0.00043861,-0.02236293,-0.00068588,-0.00051081,0.01302513,2000
2016-08-18,0.00424650,-0.00094634,-0.00159677,0.00265554,0.00020467,0.04975202,2000
2016-08-19,-0.00014885,-0.00050289,-0.10614101,0.00088621,-0.00120809,0.09366302,2000
2016-08-22,-0.00602730,0.00087538,0.05441956,-0.00355763,-0.00075871,0.12554884,2000
2016-08-23,0.00387697,-0.00020982,0.05280801,-0.00048284,0.00057875,0.01412816,2000
2016-08-24,-0.00050825,-0.00017968,-0.02477959,-0.00255412,-0.00028900,0.03102328,2000
2016-08-25,-0.00073310,-0.00027094,0.02468222,-0.00134988,0.00022885,0.00895732,2000
2016-08-26,0.00431381,-0.00071652,0.02480281,0.00083644,0.00051326,0.04028556,2000
2016-08-29,-0.00033469,0.00025156,0.00656073,-0.00086394,-0.00010318,0.01415664,2000
2016-08-30,0.00320597,-0.00076104,-0.00091416,0.00129067,-0.00002372,0.01025820,2000
2016-08-31,0.00062697,-0.00052707,0.02665039,-0.00222600,-0.00038753,0.04380624,2000
2016-09-01,-0.00044419,-0.00002630,-0.05486058,-0.00206017,-0.00000768,0.02468854,2000
2016-09-02,0.00973160,-0.00144658,0.07591973,0.00384375,0.00044630,0.03543816,2000
2016-09-05,0.00068037,0.00014812,-0.00017935,-0.00778547,-0.00033053,1.00000000,4
2016-09-06,0.00450278,-0.00063379,0.00153939,0.00257685,0.00040990,0.03633233,2000
2016-09-07,0.00178826,-0.00060010,0.00167566,0.00021634,-0.00006135,0.00777894,2000
2016-09-08,0.00240630,-0.00105757,-0.00586765,0.00228497,0.00042872,0.04080015,2000
2016-09-09,-0.00824978,0.00013294,-0.05948483,-0.00348526,-0.00047870,0.09838162,2000
2016-09-12,-0.01031108,0.00123703,0.00342914,-0.00460827,-0.00064882,0.16406860,2000
2016-09-13,-0.01040752,0.00090934,-0.09323754,-0.00335028,-0.00066161,0.17529235,2000
2016-09-14,-0.00120312,0.00049259,-0.01313414,0.00060976,-0.00003015,0.00602730,2000
2016-09-15,0.00272207,-0.00083278,-0.04390318,0.00159103,-0.00012187,0.01869111,2000
2016-09-16,-0.00381002,0.00001907,-0.02677797,-0.00245034,-0.00142391,0.02548745,2000
2016-09-19,0.00786535,-0.00101854,-0.14122743,0.00385982,0.00078039,0.03813390,2000
2016-09-20,0.00218404,0.00043603,0.01351333,-0.00067489,0.00014340,0.00731769,2000
2016-09-21,0.00915700,-0.00122213,-0.00436386,0.00517312,0.00050910,0.17040502,2000
2016-09-22,0.01080859,-0.00092819,0.00843735,0.00471678,0.00047992,0.08328177,2000
2016-09-23,-0.00224593,-0.00018379,-0.03489174,-0.00042520,-0.00047120,0.01205658,2000
2016-09-26,-0.00247235,-0.00024397,-0.09301975,0.00155199,-0.00014189,0.04513298,2000
2016-09-27,-0.00461990,0.00088870,-0.05645026,-0.00402766,-0.00064757,0.10752925,2000
2016-09-28,0.00324001,-0.00049287,0.00930753,0.00212474,0.00048245,0.02480905,2000
2016-09-29,0.00085315,-0.00069204,0.06368181,0.00032858,-0.00048310,0.06803276,2000
2016-09-30,0.00702615,-0.00069763,-0.00130487,0.00184916,0.00069007,0.02311518,2000
2016-10-03,0.00222612,-0.00111881,-0.00974926,0.00085866,0.00024653,0.01438668,2000
2016-10-04,-0.00103044,0.00045147,-0.01146378,-0.00002355,0.00020641,0.00336033,2000
2016-10-05,0.00776185,-0.00101047,-0.05059341,0.00651082,0.00045221,0.19632063,2000
2016-10-06,0.00207294,-0.00130677,0.06197513,-0.00160744,0.00039662,0.00293381,2000
2016-10-07,0.00205988,-0.00020858,-0.10203824,0.00313240,0.00013094,0.04072879,2000
2016-10-10,0.00542159,-0.00048611,-0.06365093,0.00325368,0.00044732,0.09075136,2000
2016-10-11,-0.00171339,-0.00017834,-0.05307753,-0.00031057,-0.00022074,0.01369073,2000
2016-10-12,-0.00277637,0.00052359,-0.05187197,-0.00038487,0.00003050,0.01726199,2000
2016-10-13,-0.00503870,-0.00060131,0.04630592,-0.00296331,-0.00044813,0.03603278,2000
2016-10-14,0.00324734,0.00034719,-0.05677170,0.00173246,0.00041016,0.03166239,2000
2016-10-17,0.00042506,-0.00016298,0.01189404,-0.00009353,0.00025298,0.00369012,2000
2016-10-18,0.00996851,-0.00028356,0.02027121,0.00548388,0.00083095,0.14784173,2000
2016-10-19,0.00594496,-0.00118601,-0.12677005,0.00329503,0.00033798,0.14791430,2000
2016-10-20,-0.00089757,-0.00051215,-0.00881378,-0.00328838,0.00003957,0.02531303,2000
2016-10-21,-0.00393701,-0.00064293,-0.03367824,-0.00545322,-0.00004278,0.02525458,2000
2016-10-24,0.00352841,0.00062306,-0.00318133,0.00072403,0.00015537,0.00272032,2000
2016-10-25,-0.00096919,-0.00019414,-0.06092958,-0.00106287,-0.00054310,0.01269660,2000
2016-10-26,-0.00397537,-0.00031810,-0.08506879,-0.00450506,-0.00020524,0.02081998,2000
2016-10-27,0.00287837,-0.00001243,0.01333942,0.00160211,-0.00024312,0.00214078,2000
2016-10-28,-0.00122704,-0.00006038,-0.01540332,-0.00077972,0.00051248,0.00184041,2000
2016-10-31,0.00071635,0.00025985,-0.00854361,-0.00096055,0.00011175,0.00342013,2000
2016-11-01,0.00394458,-0.00073941,-0.05831755,0.00300656,0.00040012,0.02158187,2000
2016-11-02,-0.00067438,-0.00019814,0.12093441,-0.00343632,-0.00030454,0.01756871,2000
2016-11-03,0.00045192,-0.00011001,-0.01829642,-0.00067171,0.00075939,0.00299041,2000
2016-11-04,0.00163766,-0.00096964,-0.01546158,-0.00072692,-0.00005409,0.00063223,2000
2016-11-07,0.01243310,0.00021641,0.01713422,0.00650709,0.00087009,0.09032923,2000
2016-11-08,-0.00320187,0.00010307,-0.12340108,-0.00349629,-0.00036160,0.01692448,2000
2016-11-09,-0.01272980,0.00067292,-0.11539876,0.00263224,0.00193475,0.01790773,2000
2016-11-10,-0.00749251,0.00185694,0.08301668,0.00391454,0.00107224,0.00358929,2000
2016-11-11,0.00544130,-0.00211835,0.02237517,-0.00102899,-0.00052831,0.00174631,2000
2016-11-14,-0.00320193,0.00135693,0.09240443,0.00426533,0.00006468,0.08311570,2000
2016-11-15,0.00417260,-0.00098639,0.02245241,0.00141580,0.00002744,0.01203517,2000
2016-11-16,0.00926582,-0.00322255,0.06108931,-0.00202175,-0.00081401,0.01094860,2000
2016-11-17,0.01043248,-0.00239647,-0.01532308,0.00608278,0.00034150,0.04343683,2000
2016-11-18,0.00106444,-0.00025481,0.01974251,0.00067276,-0.00021092,0.00516259,2000
2016-11-21,0.01171270,-0.00211628,0.02776440,0.00423390,0.00143286,0.12815477,2000
2016-11-22,0.00879204,-0.00153927,0.05738407,0.00196789,0.00017523,0.04567227,2000
2016-11-23,-0.00824135,0.00095527,0.05608290,-0.00219183,-0.00056777,0.01408520,2000
2016-11-24,-0.00585040,0.00296454,-0.00008879,0.00209427,-0.00923431,1.00000000,3
2016-11-25,-0.00116084,0.00068608,-0.05281861,-0.00069046,0.00000976,0.03536976,2000
2016-11-28,0.00547930,-0.00168066,-0.08048988,0.00164583,0.00000102,0.07363998,2000
2016-11-29,-0.00564241,0.00123590,0.08192707,-0.00442787,-0.00081485,0.12231861,2000
2016-11-30,0.01567423,-0.00282751,-0.11080659,0.01128716,0.00182426,0.12785088,2000
2016-12-01,0.00193808,0.00035545,0.18736649,0.00459772,0.00014063,0.03829010,2000
2016-12-02,0.00167852,-0.00046558,0.02610415,-0.00017382,0.00036651,0.00116636,2000
2016-12-05,0.00515378,0.00006092,-0.07926102,0.00466890,0.00044934,0.08383679,2000
2016-12-06,-0.00118506,0.00051182,-0.00658956,-0.00384325,-0.00043638,0.04348735,2000
2016-12-07,0.00292181,-0.00070586,-0.05576957,-0.00059644,0.00040486,0.01753026,2000
2016-12-08,-0.00136465,0.00057531,-0.05979943,0.00271137,0.00065471,0.03408504,2000
2016-12-09,0.00051838,0.00019961,-0.01971937,0.00237790,-0.00019850,0.00915162,2000
